Tarih,Hisse,open,high,low,close,volume,YuksekKapanis_Fark,AcilisKapanis_Fark,AcilisKapanisFark_Ort,AcilisKapanisFark_OrtalamayaGoreDegisim,AcilisKapanisFarkOrt_MaxSon10,HacimOrtalama,%Hacim_HacimOrtalama,Fark_Orani,Kosul,rsi,MACD_12_26_9,MACDs_12_26_9,MACDh_12_26_9,Tarih1,prev_close,%Deg,isPivot,pointpos,destek,direnc,Tsinyal_Banker_Dip,Tsinyal_Banker_DipKarar
04-03-2026 14:00,GSDDE,9.41,9.65,9.41,9.65,376668.0,0.0,0.24,0.04,566.67,0.24,141778.3,165.67,0.0,True,60.23,-0.05,-0.09,0.04,2026-03-04,9.23,4.55,0,,9.11,10.09,True,False
04-03-2026 13:00,BLUME,44.06,44.96,43.96,44.74,508449.0,0.22,0.68,0.08,794.74,0.68,189614.2,168.15,0.32,True,56.98,-0.06,-0.18,0.12,2026-03-04,44.2,1.22,0,,42.44,47.46,False,False
04-03-2026 13:00,OZSUB,18.36,18.88,18.36,18.88,360237.0,0.0,0.52,0.09,490.91,0.52,150371.4,139.56,0.0,True,62.34,-0.14,-0.28,0.13,2026-03-04,18.05,4.6,0,,17.67,20.44,True,False
04-03-2026 13:00,NETCD,94.75,98.25,94.7,97.85,1584658.0,0.4,3.1,0.35,785.71,3.1,758985.2,108.79,0.13,True,62.39,0.53,0.28,0.25,2026-03-04,94.0,4.1,0,,85.25,98.25,False,False
04-03-2026 13:00,CONSE,3.18,3.25,3.14,3.24,2084659.0,0.01,0.06,0.01,328.57,0.06,920500.4,126.47,0.17,True,55.51,-0.02,-0.04,0.02,2026-03-04,3.12,3.85,0,,3.04,3.27,True,False
04-03-2026 13:00,ESEN,3.65,3.75,3.65,3.73,7140544.0,0.02,0.08,0.01,627.27,0.08,4517643.5,58.06,0.25,True,57.18,-0.02,-0.03,0.01,2026-03-04,3.64,2.47,0,,3.6,3.91,False,False
04-03-2026 13:00,DERHL,14.45,14.72,14.4,14.71,2001126.0,0.01,0.26,0.03,642.86,0.26,851469.8,135.02,0.04,True,58.03,0.0,-0.05,0.05,2026-03-04,14.32,2.72,0,,13.86,14.87,False,False
04-03-2026 13:00,ERCB,53.1,53.75,53.05,53.7,212710.0,0.05,0.6,0.05,1100.0,0.6,95206.2,123.42,0.08,True,50.23,-0.48,-0.63,0.15,2026-03-04,52.8,1.7,0,,51.1,54.15,False,False
04-03-2026 13:00,TATEN,8.74,9.04,8.71,8.96,4973355.0,0.08,0.22,0.04,464.1,0.22,1501226.9,231.29,0.36,True,60.9,-0.05,-0.1,0.05,2026-03-04,8.49,5.54,0,,8.47,9.31,False,False
04-03-2026 13:00,ALBRK,8.34,8.49,8.33,8.47,8164736.0,0.02,0.13,0.0,7.318349394477091e+16,0.13,3084710.6,164.68,0.15,True,42.09,-0.13,-0.14,0.01,2026-03-04,8.41,0.71,0,,8.36,8.73,False,False
04-03-2026 13:00,A1YEN,28.4,28.66,28.4,28.62,246939.0,0.04,0.22,0.01,2650.0,0.22,127011.0,94.42,0.18,True,50.64,-0.12,-0.19,0.06,2026-03-04,28.44,0.63,0,,26.48,29.2,False,False
04-03-2026 13:00,MAKTK,13.72,13.98,13.72,13.92,572171.0,0.06,0.2,0.01,1566.67,0.2,306019.7,86.97,0.3,True,51.38,-0.14,-0.2,0.06,2026-03-04,13.55,2.73,0,,13.05,14.36,False,False
04-03-2026 13:00,GSDHO,4.48,4.67,4.47,4.66,1267892.0,0.01,0.18,0.03,566.67,0.18,724783.3,74.93,0.06,True,69.04,-0.01,-0.05,0.04,2026-03-04,4.35,7.13,0,,4.23,4.77,False,False
04-03-2026 13:00,MAGEN,45.56,46.18,45.1,46.12,5048475.0,0.06,0.56,0.06,900.0,0.56,922647.8,447.17,0.11,True,51.58,-0.49,-0.7,0.21,2026-03-04,44.9,2.72,0,,44.22,46.54,True,False
04-03-2026 12:00,SUWEN,9.19,9.38,9.15,9.37,941460.0,0.01,0.18,0.01,1284.62,0.18,474258.8,98.51,0.06,True,54.05,-0.02,-0.03,0.01,2026-03-04,9.2,1.85,0,,8.53,9.43,False,False
04-03-2026 12:00,SKYMD,11.59,12.14,11.58,12.07,1871643.0,0.07,0.48,0.03,1311.76,0.48,861345.7,117.29,0.15,True,54.26,-0.11,-0.15,0.04,2026-03-04,11.56,4.41,0,,11.27,12.3,False,False
04-03-2026 12:00,TEKTU,8.72,9.08,8.71,9.01,4414491.0,0.07,0.29,0.05,517.02,0.29,1144023.3,285.87,0.24,True,68.7,0.01,-0.06,0.07,2026-03-04,8.5,6.0,0,,7.97,9.4,False,False
04-03-2026 12:00,KOTON,15.0,15.39,14.98,15.37,518754.0,0.02,0.37,0.03,1323.08,0.37,315239.9,64.56,0.05,True,56.12,-0.11,-0.14,0.04,2026-03-04,14.87,3.36,0,,14.3,15.49,False,False
04-03-2026 12:00,EMKEL,18.85,19.44,18.81,19.28,3075196.0,0.16,0.43,0.07,523.19,0.43,849040.4,262.2,0.37,True,58.39,-0.16,-0.28,0.12,2026-03-04,18.6,3.66,0,,18.08,19.99,True,False
04-03-2026 12:00,SERNT,7.36,7.53,7.35,7.5,629898.0,0.03,0.14,0.01,900.0,0.14,361324.0,74.33,0.21,True,54.75,-0.05,-0.08,0.03,2026-03-04,7.31,2.6,0,,7.14,7.92,False,False
04-03-2026 12:00,IZENR,8.75,9.46,8.64,9.46,13056315.0,0.0,0.71,0.07,859.46,0.71,3364541.9,288.06,0.0,True,65.11,-0.09,-0.13,0.05,2026-03-04,8.6,10.0,0,,8.6,9.68,True,True
04-03-2026 12:00,HURGZ,5.26,5.41,5.25,5.39,900781.0,0.02,0.13,0.01,1200.0,0.13,292171.8,208.31,0.15,True,60.14,-0.0,-0.02,0.01,2026-03-04,5.22,3.26,0,,4.94,5.6,False,False
04-03-2026 12:00,YEOTK,39.84,41.04,39.78,40.78,1237207.0,0.26,0.94,0.11,770.37,0.94,770764.9,60.52,0.28,True,62.27,0.06,-0.04,0.1,2026-03-04,38.78,5.16,0,,37.5,42.2,False,False
04-03-2026 12:00,GEDZA,27.7,28.24,27.64,28.14,159586.0,0.1,0.44,0.07,494.59,0.44,103264.2,54.54,0.23,True,51.21,-0.43,-0.61,0.18,2026-03-04,27.12,3.76,0,,26.3,28.24,True,False
04-03-2026 11:00,DOFER,31.28,32.0,31.22,31.84,436301.0,0.16,0.56,0.04,1300.0,0.56,142190.1,206.84,0.29,True,60.24,-0.09,-0.21,0.12,2026-03-04,30.78,3.44,0,,29.16,33.64,False,False
04-03-2026 11:00,METRO,5.87,6.3,5.8,6.18,10093020.0,0.12,0.31,0.02,1531.58,0.31,2844616.8,254.81,0.39,True,79.18,0.24,0.21,0.03,2026-03-04,5.86,5.46,0,,4.73,ATH,False,False
04-03-2026 11:00,BIENY,21.48,23.2,21.48,23.1,2868468.0,0.1,1.62,0.1,1520.0,1.62,505078.2,467.93,0.06,True,64.83,-0.14,-0.25,0.11,2026-03-04,21.56,7.14,0,,20.82,23.66,False,False
04-03-2026 11:00,BAGFS,37.08,38.78,35.7,38.76,1809280.0,0.02,1.68,0.1,1547.06,1.68,881141.0,105.33,0.01,True,62.93,1.32,1.44,-0.12,2026-03-04,38.34,1.1,0,,30.82,ATH,False,False
04-03-2026 11:00,GZNMI,51.95,55.9,51.85,55.9,2491681.0,0.0,3.95,0.36,982.19,3.95,578482.2,330.73,0.0,True,66.4,-0.23,-0.69,0.47,2026-03-04,50.85,9.93,0,,49.88,56.25,True,False
04-03-2026 11:00,QUAGR,2.74,2.91,2.73,2.91,58234667.0,0.0,0.17,0.02,672.73,0.17,13057526.5,345.99,0.0,True,70.61,0.01,-0.02,0.02,2026-03-04,2.65,9.81,0,,2.54,2.95,False,False
04-03-2026 11:00,KLSYN,8.96,9.32,8.91,9.24,2780144.0,0.08,0.28,0.02,1172.73,0.28,707847.5,292.76,0.29,True,53.46,-0.06,-0.06,0.0,2026-03-04,8.95,3.24,0,,8.33,9.62,False,False
04-03-2026 11:00,MEKAG,6.61,7.37,6.58,7.31,33615853.0,0.06,0.7,0.03,2233.33,0.7,9848277.5,241.34,0.09,True,71.76,0.3,0.26,0.04,2026-03-04,6.77,7.98,0,,5.06,ATH,False,False
04-03-2026 11:00,AKFIS,26.6,27.86,26.6,27.5,4009968.0,0.36,0.9,0.03,2712.5,0.9,1496215.8,168.01,0.4,True,60.62,0.02,-0.04,0.06,2026-03-04,26.4,4.17,0,,25.92,28.12,False,False
04-03-2026 10:00,MARMR,2.3,2.48,2.29,2.46,76954175.0,0.02,0.16,0.01,1500.0,0.16,15915515.3,383.52,0.12,True,59.63,-0.03,-0.05,0.02,2026-03-04,2.29,7.42,0,,2.28,2.68,True,True
04-03-2026 10:00,KIMMR,16.91,17.4,16.5,17.28,4924247.0,0.12,0.37,0.04,900.0,0.37,544689.7,804.05,0.32,True,76.92,0.41,0.26,0.15,2026-03-04,16.41,5.3,0,,13.62,ATH,False,False
04-03-2026 10:00,EKSUN,5.14,5.24,5.14,5.23,549980.0,0.01,0.09,0.0,1.013309916158369e+17,0.09,262777.2,109.3,0.11,True,50.83,-0.04,-0.06,0.02,2026-03-04,5.12,2.15,0,,4.88,5.25,False,False
04-03-2026 10:00,MANAS,23.22,23.9,22.54,23.9,39515093.0,0.0,0.68,0.06,962.5,0.68,8663807.2,356.09,0.0,True,90.26,1.34,1.22,0.11,2026-03-04,21.74,9.94,0,,16.6,ATH,False,False
04-03-2026 10:00,KRDMB,34.62,36.3,34.62,36.14,547791.0,0.16,1.52,0.03,5746.15,1.52,354079.8,54.71,0.11,True,56.38,-0.05,0.04,-0.09,2026-03-04,34.52,4.69,0,,34.08,37.4,False,False
04-03-2026 10:00,PRKAB,40.34,42.5,40.24,42.18,861419.0,0.32,1.84,0.13,1360.32,1.84,309538.1,178.29,0.17,True,54.65,-0.27,-0.46,0.19,2026-03-04,40.9,3.13,0,,37.8,44.7,False,False
04-03-2026 10:00,CATES,40.14,41.7,38.64,41.34,4374193.0,0.36,1.2,0.12,900.0,1.2,518097.0,744.28,0.3,True,83.19,0.97,0.61,0.36,2026-03-04,38.8,6.55,0,,34.04,ATH,False,False
04-03-2026 10:00,BORLS,3.15,3.32,3.13,3.32,38440218.0,0.0,0.17,0.0,4150.0,0.17,7796175.5,393.07,0.0,True,71.94,0.07,0.06,0.02,2026-03-04,3.02,9.93,0,,2.93,ATH,False,False
04-03-2026 10:00,DENGE,2.47,2.65,2.47,2.64,8395252.0,0.01,0.17,0.01,1445.45,0.17,1470523.4,470.9,0.06,True,63.91,-0.02,-0.04,0.02,2026-03-04,2.46,7.32,0,,2.45,2.75,False,False
04-03-2026 10:00,KOCMT,2.4,2.45,2.39,2.44,4312208.0,0.01,0.04,0.0,1900.0,0.04,1979623.9,117.83,0.25,True,43.3,-0.04,-0.04,0.01,2026-03-04,2.4,1.67,0,,2.35,2.66,True,True
04-03-2026 10:00,KOPOL,6.11,6.35,6.09,6.31,2152434.0,0.04,0.2,0.03,640.74,0.2,1078427.9,99.59,0.2,True,57.0,-0.01,-0.05,0.03,2026-03-04,6.03,4.64,0,,5.71,6.68,False,False
04-03-2026 10:00,BURCE,58.2,60.95,55.7,60.95,2264838.0,0.0,2.75,0.63,336.51,2.75,354410.0,539.04,0.0,True,74.98,1.37,0.71,0.66,2026-03-04,58.05,5.0,0,,50.0,ATH,False,False
04-03-2026 10:00,KTLEV,40.0,43.2,39.48,43.2,57491492.0,0.0,3.2,0.39,724.74,3.2,11215454.2,412.61,0.0,True,74.71,0.5,0.09,0.41,2026-03-04,39.28,9.98,0,,36.18,ATH,False,False
04-03-2026 10:00,KFEIN,8.47,8.77,8.46,8.76,808067.0,0.01,0.29,0.02,1350.0,0.29,379000.9,113.21,0.03,True,52.06,-0.09,-0.12,0.03,2026-03-04,8.54,2.58,0,,8.11,9.03,False,False
04-03-2026 10:00,BESTE,23.28,25.36,22.7,25.02,19332041.0,0.34,1.74,0.0,43400.0,1.74,7232728.1,167.29,0.2,True,45.08,-1.16,-1.34,0.18,2026-03-04,23.06,8.5,0,,25.0,26.28,True,True
04-03-2026 10:00,PCILT,26.54,27.78,26.46,27.7,670185.0,0.08,1.16,0.07,1657.58,1.16,338663.6,97.89,0.07,True,60.13,0.43,0.59,-0.16,2026-03-04,26.76,3.51,0,,26.56,28.68,False,False
04-03-2026 10:00,LILAK,30.0,30.7,29.98,30.58,902428.0,0.12,0.58,0.06,935.71,0.58,446326.6,102.19,0.21,True,51.41,-0.21,-0.33,0.12,2026-03-04,30.24,1.12,0,,29.0,30.7,False,False
04-03-2026 10:00,ANSGR,25.4,26.12,25.2,26.12,3302070.0,0.0,0.72,0.08,778.05,0.72,802143.9,311.66,0.0,True,61.81,-0.02,-0.09,0.07,2026-03-04,25.46,2.59,0,,24.36,26.44,False,False
04-03-2026 10:00,AZTEK,4.07,4.14,4.06,4.12,779080.0,0.02,0.05,0.0,4900.0,0.05,504738.6,54.35,0.4,True,47.07,-0.04,-0.05,0.01,2026-03-04,4.07,1.23,0,,3.92,4.18,False,False
04-03-2026 10:00,ZGYO,21.24,23.0,20.74,22.72,2868108.0,0.28,1.48,0.13,1056.25,1.48,716887.6,300.08,0.19,True,50.42,-0.69,-0.89,0.21,2026-03-04,21.4,6.17,0,,21.1,31.0,True,True
04-03-2026 10:00,AYDEM,24.6,26.22,24.6,25.92,2140824.0,0.3,1.32,0.1,1169.23,1.32,379637.1,463.91,0.23,True,62.81,0.04,-0.03,0.07,2026-03-04,24.86,4.26,0,,23.5,26.7,False,False
04-03-2026 10:00,ENSRI,28.08,30.0,28.08,29.94,1469168.0,0.06,1.86,0.23,694.87,1.86,572489.8,156.63,0.03,True,70.13,0.16,-0.0,0.16,2026-03-04,28.06,6.7,0,,26.64,34.3,False,False
04-03-2026 10:00,AKCNS,211.6,217.5,211.5,216.8,296370.0,0.7,5.2,0.88,490.91,5.2,115273.9,157.1,0.13,True,65.85,1.46,0.52,0.94,2026-03-04,211.6,2.46,0,,195.2,219.4,False,False
04-03-2026 10:00,AKHAN,23.84,25.9,23.84,25.56,7465275.0,0.34,1.72,0.21,719.05,1.72,1689232.5,341.93,0.2,True,70.68,-0.04,-0.32,0.28,2026-03-04,23.8,7.39,0,,22.0,26.34,False,False
04-03-2026 10:00,HEDEF,107.2,112.9,106.7,111.9,1516350.0,1.0,4.7,0.71,561.97,4.7,669325.3,126.55,0.21,True,66.44,2.3,1.57,0.73,2026-03-04,108.5,3.13,0,,94.25,ATH,False,False
04-03-2026 10:00,AKSEN,65.7,67.55,65.5,67.55,1954471.0,0.0,1.85,0.03,5185.71,1.85,970593.6,101.37,0.0,True,52.68,-0.36,-0.42,0.06,2026-03-04,65.7,2.82,0,,62.75,69.8,False,False
04-03-2026 10:00,ESCOM,6.22,6.65,6.17,6.56,58846298.0,0.09,0.34,0.05,623.4,0.34,16145561.6,264.47,0.26,True,81.78,0.31,0.25,0.05,2026-03-04,6.05,8.43,0,,4.51,ATH,False,False
03-03-2026 17:00,MOPAS,53.45,57.85,53.4,57.5,4375818.0,0.35,4.05,0.51,694.12,4.05,720349.3,507.46,0.09,True,70.15,0.44,0.12,0.32,2026-03-03,52.6,9.32,0,,52.5,ATH,False,False
03-03-2026 17:00,CELHA,10.0,10.28,9.81,10.28,1465248.0,0.0,0.28,0.06,351.61,0.28,679401.8,115.67,0.0,True,65.84,-0.0,-0.08,0.08,2026-03-03,9.67,6.31,0,,9.48,10.59,False,False
03-03-2026 16:00,AKSUE,25.34,26.64,25.32,26.6,965185.0,0.04,1.26,0.1,1135.29,1.26,510877.1,88.93,0.03,True,62.73,0.26,0.28,-0.02,2026-03-03,26.44,0.61,0,,24.2,27.72,False,False
03-03-2026 16:00,TUKAS,2.34,2.38,2.33,2.37,38681888.0,0.01,0.03,0.0,1400.0,0.03,16606136.9,132.94,0.33,True,48.22,-0.04,-0.05,0.02,2026-03-03,2.29,3.49,0,,2.21,2.62,False,False
03-03-2026 16:00,DCTTR,7.77,8.38,7.76,8.25,5310210.0,0.13,0.48,0.06,757.14,0.48,1704101.4,211.61,0.27,True,68.69,-0.03,-0.09,0.06,2026-03-03,7.7,7.14,0,,7.3,8.93,False,False
03-03-2026 16:00,BNTAS,6.29,6.53,6.26,6.51,1591619.0,0.02,0.22,0.02,947.62,0.22,483603.2,229.12,0.09,True,56.9,-0.07,-0.1,0.03,2026-03-03,6.27,3.83,0,,6.23,6.83,False,False
03-03-2026 16:00,MARTI,1.36,1.37,1.35,1.37,8781146.0,0.0,0.01,0.0,900.0,0.01,5143386.9,70.73,0.0,True,42.75,-0.03,-0.03,0.01,2026-03-03,1.36,0.74,0,,1.34,1.39,True,False
03-03-2026 16:00,BAYRK,4.3,4.62,4.29,4.54,6090343.0,0.08,0.24,0.04,548.65,0.24,1331442.1,357.42,0.33,True,62.85,-0.03,-0.06,0.03,2026-03-03,4.21,7.84,0,,4.04,4.66,False,False
03-03-2026 15:00,POLHO,16.53,17.13,16.51,17.13,1295355.0,0.0,0.6,0.15,294.74,0.6,385433.3,236.08,0.0,True,70.44,0.12,-0.06,0.18,2026-03-03,15.58,9.95,0,,14.61,17.3,False,False
03-03-2026 15:00,KRONT,14.64,14.89,14.62,14.88,258370.0,0.01,0.24,0.02,990.91,0.24,157752.1,63.78,0.04,True,51.19,-0.1,-0.14,0.04,2026-03-03,14.6,1.92,0,,13.99,15.52,False,False
03-03-2026 15:00,NTHOL,44.34,45.26,44.34,45.18,206963.0,0.08,0.84,0.06,1212.5,0.84,84342.7,145.38,0.1,True,51.34,-0.42,-0.58,0.16,2026-03-03,44.3,1.99,1,45.26,42.88,45.26,False,False
03-03-2026 15:00,EDIP,34.18,35.22,34.18,35.1,287267.0,0.12,0.92,0.1,784.62,0.92,127128.9,125.97,0.13,True,50.7,-0.51,-0.68,0.17,2026-03-03,34.12,2.87,1,35.22,32.86,35.22,False,False
03-03-2026 14:00,MERKO,16.27,16.71,16.25,16.7,1769043.0,0.01,0.43,0.06,628.81,0.43,767494.5,130.5,0.02,True,54.32,-0.12,-0.18,0.06,2026-03-03,16.22,2.96,1,16.71,15.32,16.71,False,False
03-03-2026 13:00,KONKA,13.6,13.98,13.6,13.92,659312.0,0.06,0.32,0.02,1584.21,0.32,292401.6,125.48,0.19,True,51.06,-0.11,-0.15,0.04,2026-03-03,13.75,1.24,0,,13.0,14.7,False,False
03-03-2026 12:00,EDATA,13.16,13.66,13.06,13.66,6541986.0,0.0,0.5,0.14,254.61,0.5,2440097.5,168.1,0.0,True,72.23,0.28,0.19,0.09,2026-03-03,12.42,9.98,0,,11.48,ATH,False,False
03-03-2026 12:00,FLAP,10.37,10.64,10.25,10.59,152228.0,0.05,0.22,0.03,528.57,0.22,92487.4,64.59,0.23,True,58.59,0.0,-0.02,0.02,2026-03-03,10.29,2.92,1,10.64,9.7,10.64,False,False
03-03-2026 11:00,TSPOR,0.97,0.98,0.96,0.98,33695408.0,0.0,0.01,0.0,400.0,0.01,21778562.2,54.72,0.0,True,44.19,-0.02,-0.02,0.0,2026-03-03,0.96,2.08,1,0.98,0.95,1.04,True,True
03-03-2026 11:00,ATATR,12.98,13.53,12.9,13.42,31092056.0,0.11,0.44,0.05,816.67,0.44,16388409.3,89.72,0.25,True,37.53,-0.75,-0.77,0.02,2026-03-03,13.14,2.13,0,,13.14,19.21,False,False
03-03-2026 11:00,BRSAN,563.5,595.0,563.0,591.5,474387.0,3.5,28.0,3.1,803.23,28.0,182075.5,160.54,0.12,True,37.0,-26.82,-26.85,0.03,2026-03-03,583.5,1.37,1,595.0,583.5,595.0,True,True
03-03-2026 11:00,TCKRC,85.4,87.3,84.75,86.9,305883.0,0.4,1.5,0.48,209.28,1.5,126994.3,140.86,0.27,True,53.38,-0.83,-1.09,0.26,2026-03-03,85.0,2.24,1,87.3,82.1,87.3,False,False
03-03-2026 11:00,IHLAS,2.02,2.07,2.01,2.06,35214313.0,0.01,0.04,0.01,263.64,0.04,9089340.0,287.42,0.25,True,48.17,-0.04,-0.05,0.01,2026-03-03,2.0,3.0,0,,1.93,2.2,True,False
03-03-2026 11:00,DURDO,3.53,3.62,3.52,3.6,1618078.0,0.02,0.07,0.02,337.5,0.07,764927.1,111.53,0.29,True,47.98,-0.06,-0.07,0.01,2026-03-03,3.5,2.86,1,3.62,3.39,3.62,True,False
03-03-2026 10:00,HATEK,14.44,14.71,14.43,14.65,481800.0,0.06,0.21,0.06,250.0,0.21,235328.2,104.74,0.29,True,40.26,-0.38,-0.41,0.03,2026-03-03,14.5,1.03,0,,14.0,16.23,True,False
03-03-2026 10:00,HATSN,36.4,36.92,36.04,36.82,392953.0,0.1,0.42,0.09,377.27,0.42,128439.1,205.94,0.24,True,45.89,-0.42,-0.45,0.03,2026-03-03,36.72,0.27,0,,34.4,39.46,False,False
03-03-2026 10:00,HDFGS,3.26,3.4,3.21,3.36,43045130.0,0.04,0.1,0.02,400.0,0.1,15079821.4,185.45,0.4,True,45.85,-0.1,-0.11,0.01,2026-03-03,3.27,2.75,1,3.4,3.13,3.4,True,False
03-03-2026 10:00,GLRYH,4.27,4.47,4.24,4.43,4174679.0,0.04,0.16,0.02,540.0,0.16,1723072.2,142.28,0.25,True,57.91,-0.03,-0.05,0.02,2026-03-03,4.26,3.99,1,4.47,4.0,4.47,False,False
03-03-2026 10:00,INVEO,7.18,7.38,7.11,7.36,3477579.0,0.02,0.18,0.01,1900.0,0.18,1949494.4,78.38,0.11,True,40.33,-0.2,-0.19,-0.01,2026-03-03,7.26,1.38,2,7.11,7.11,8.15,False,False
03-03-2026 10:00,KNFRT,10.5,10.8,10.39,10.78,476929.0,0.02,0.28,0.05,471.43,0.28,225149.8,111.83,0.07,True,46.51,-0.19,-0.21,0.02,2026-03-03,10.52,2.47,0,,10.2,11.51,False,False
03-03-2026 10:00,KRPLS,7.66,7.8,7.62,7.8,402504.0,0.0,0.14,0.04,250.0,0.14,159505.6,152.34,0.0,True,50.05,-0.08,-0.1,0.02,2026-03-03,7.63,2.23,0,,7.2,8.18,False,False
03-03-2026 10:00,HEKTS,2.89,2.98,2.88,2.96,44562160.0,0.02,0.07,0.01,677.78,0.07,11912904.3,274.07,0.29,True,49.2,-0.05,-0.06,0.01,2026-03-03,2.85,3.86,0,,2.82,3.38,True,False
03-03-2026 10:00,HKTM,10.8,11.09,10.79,11.03,819859.0,0.06,0.23,0.05,333.96,0.23,276380.3,196.64,0.26,True,46.74,-0.19,-0.2,0.01,2026-03-03,10.75,2.6,1,11.09,10.25,11.09,False,False
03-03-2026 10:00,HUNER,3.07,3.12,3.03,3.12,4405605.0,0.0,0.05,0.01,316.67,0.05,2017119.2,118.41,0.0,True,48.57,-0.04,-0.05,0.01,2026-03-03,3.06,1.96,0,,2.94,3.35,False,False
03-03-2026 10:00,IHGZT,1.44,1.46,1.43,1.46,2972050.0,0.0,0.02,0.01,233.33,0.02,1280709.9,132.06,0.0,True,44.4,-0.03,-0.03,0.0,2026-03-03,1.43,2.1,0,,1.4,1.56,True,False
03-03-2026 10:00,ICUGS,2.74,2.89,2.7,2.87,17763805.0,0.02,0.13,0.01,983.33,0.13,5629398.8,215.55,0.15,True,35.23,-0.15,-0.14,-0.01,2026-03-03,2.84,1.06,0,,2.84,3.65,False,False
03-03-2026 10:00,LKMNH,15.85,16.07,15.75,16.07,385784.0,0.0,0.22,0.04,511.11,0.22,173864.9,121.89,0.0,True,45.07,-0.23,-0.25,0.02,2026-03-03,15.86,1.32,0,,15.35,17.05,False,False
03-03-2026 10:00,INFO,3.91,4.01,3.89,3.99,6362140.0,0.02,0.08,0.02,247.83,0.08,2726996.2,133.3,0.25,True,49.3,-0.06,-0.08,0.02,2026-03-03,3.92,1.79,0,,3.62,4.04,False,False
03-03-2026 10:00,LRSHO,3.46,3.51,3.44,3.51,3807706.0,0.0,0.05,0.01,614.29,0.05,2036602.4,86.96,0.0,True,40.15,-0.09,-0.09,-0.0,2026-03-03,3.46,1.45,0,,3.34,4.1,True,True
03-03-2026 10:00,VAKFA,12.0,12.17,11.98,12.16,5550362.0,0.01,0.16,0.04,310.26,0.16,1831843.0,202.99,0.06,True,45.04,-0.18,-0.19,0.02,2026-03-03,12.05,0.91,0,,11.5,13.07,False,False
03-03-2026 10:00,TDGYO,17.22,18.9,16.95,18.48,451630.0,0.42,1.26,0.1,1123.3,1.26,123715.7,265.05,0.33,True,47.43,-0.52,-0.52,-0.0,2026-03-03,17.6,5.0,3,,17.6,19.98,True,True
03-03-2026 10:00,THYAO,286.0,290.5,285.75,289.75,7326386.0,0.75,3.75,0.8,368.75,3.75,4203755.1,74.28,0.2,True,37.2,-5.54,-5.21,-0.33,2026-03-03,289.0,0.26,0,,282.25,316.25,False,False
03-03-2026 10:00,TKNSA,21.2,22.04,21.2,21.98,1003932.0,0.06,0.78,0.2,297.96,0.78,390352.1,157.19,0.08,True,57.01,0.04,-0.06,0.1,2026-03-03,21.82,0.73,0,,19.9,22.96,False,False
03-03-2026 10:00,TRILC,15.1,16.05,15.06,15.79,2993867.0,0.26,0.69,0.07,832.43,0.69,646054.2,363.41,0.38,True,53.87,-0.3,-0.36,0.06,2026-03-03,15.01,5.2,0,,14.44,16.64,False,False
03-03-2026 10:00,TUCLK,4.28,4.49,4.22,4.48,2600451.0,0.01,0.2,0.03,566.67,0.2,917574.5,183.4,0.05,True,47.27,-0.08,-0.08,0.0,2026-03-03,4.4,1.82,2,4.22,4.22,4.74,False,False
03-03-2026 10:00,TUREX,6.76,6.97,6.69,6.95,5148250.0,0.02,0.19,0.03,475.76,0.19,1674940.7,207.37,0.11,True,48.65,-0.11,-0.13,0.01,2026-03-03,6.77,2.66,0,,6.49,7.43,False,False
03-03-2026 10:00,ULUUN,6.84,7.18,6.81,7.15,1597160.0,0.03,0.31,0.04,638.1,0.31,541083.5,195.18,0.1,True,58.65,-0.06,-0.08,0.03,2026-03-03,6.86,4.23,1,7.18,6.59,7.18,False,False
03-03-2026 10:00,USAK,1.58,1.6,1.57,1.6,8781428.0,0.0,0.02,0.01,185.71,0.02,5192265.0,69.13,0.0,True,44.95,-0.02,-0.03,0.0,2026-03-03,1.59,0.63,0,,1.5,1.71,False,False
03-03-2026 10:00,VBTYZ,20.4,20.7,20.1,20.7,787352.0,0.0,0.3,0.07,305.41,0.3,221515.1,255.44,0.0,True,42.82,-0.37,-0.39,0.02,2026-03-03,20.42,1.37,0,,19.81,23.32,True,True
03-03-2026 10:00,SURGY,65.5,72.1,65.5,71.3,1733441.0,0.8,5.8,0.81,620.5,5.8,582955.7,197.35,0.14,True,53.16,-1.28,-1.4,0.12,2026-03-03,68.55,4.01,3,,65.5,76.1,False,False
03-03-2026 10:00,VSNMD,74.0,75.8,73.65,75.55,529374.0,0.25,1.55,0.22,620.93,1.55,180189.8,193.79,0.16,True,36.77,-2.47,-2.71,0.23,2026-03-03,74.1,1.96,0,,72.2,95.25,True,False
03-03-2026 10:00,YESIL,1.73,1.76,1.72,1.76,5844244.0,0.0,0.03,0.0,650.0,0.03,2146424.3,172.28,0.0,True,41.26,-0.04,-0.04,0.0,2026-03-03,1.74,1.15,0,,1.69,1.97,True,True
03-03-2026 10:00,YIGIT,22.46,22.82,22.3,22.78,555360.0,0.04,0.32,0.06,416.13,0.32,361039.1,53.82,0.12,True,45.46,-0.32,-0.35,0.03,2026-03-03,22.56,0.98,0,,21.62,25.2,True,False
03-03-2026 10:00,YKSLN,3.08,3.11,3.06,3.11,1457863.0,0.0,0.03,0.0,1400.0,0.03,607767.3,139.87,0.0,True,40.78,-0.05,-0.04,-0.0,2026-03-03,3.09,0.65,2,3.06,3.06,3.38,False,False
03-03-2026 10:00,YUNSA,8.48,8.71,8.47,8.68,1525610.0,0.03,0.2,0.03,471.43,0.2,789567.3,93.22,0.15,True,47.66,-0.12,-0.14,0.01,2026-03-03,8.6,0.93,0,,8.12,9.23,False,False
03-03-2026 10:00,YYLGD,11.02,11.41,10.98,11.4,2409917.0,0.01,0.38,0.06,533.33,0.38,786362.1,206.46,0.03,True,51.55,-0.19,-0.24,0.05,2026-03-03,11.03,3.35,1,11.41,10.46,11.41,False,False
03-03-2026 10:00,ZEDUR,7.87,8.09,7.78,8.06,1548691.0,0.03,0.19,0.04,331.82,0.19,494119.1,213.42,0.16,True,49.32,-0.11,-0.13,0.02,2026-03-03,7.89,2.15,1,8.09,7.47,8.09,False,False
03-03-2026 10:00,ZERGY,13.91,14.32,13.84,14.26,2664948.0,0.06,0.35,0.03,1246.15,0.35,1575232.7,69.18,0.17,True,38.06,-0.52,-0.57,0.05,2026-03-03,13.9,2.59,0,,13.55,17.63,True,True
03-03-2026 10:00,TATGD,16.99,17.74,16.75,17.66,1402152.0,0.08,0.67,0.07,915.15,0.67,494768.2,183.4,0.12,True,63.25,0.04,-0.03,0.07,2026-03-03,17.09,3.34,0,,16.64,19.58,False,False
03-03-2026 10:00,SRVGY,3.0,3.05,2.97,3.05,9697514.0,0.0,0.05,0.01,455.56,0.05,3907976.0,148.15,0.0,True,40.12,-0.07,-0.07,0.0,2026-03-03,3.02,0.99,0,,2.94,3.35,True,False
03-03-2026 10:00,MEPET,31.0,31.4,29.52,31.32,1475742.0,0.08,0.32,0.03,900.0,0.32,197738.5,646.31,0.25,True,93.58,1.48,1.2,0.28,2026-03-03,28.56,9.66,1,31.4,22.58,31.4,False,False
03-03-2026 10:00,PGSUS,183.4,185.9,183.4,185.7,3628558.0,0.2,2.3,0.4,475.0,2.3,1761193.5,106.03,0.09,True,37.27,-4.13,-3.99,-0.13,2026-03-03,185.1,0.32,0,,178.2,205.3,False,False
03-03-2026 10:00,MERIT,15.53,15.95,15.43,15.92,707373.0,0.03,0.39,0.09,328.57,0.39,449748.2,57.28,0.08,True,54.3,-0.13,-0.21,0.08,2026-03-03,15.53,2.51,0,,14.31,16.26,False,False
03-03-2026 10:00,MTRKS,20.34,20.74,20.3,20.7,304882.0,0.04,0.36,0.07,386.49,0.36,133649.3,128.12,0.11,True,41.76,-0.37,-0.37,-0.0,2026-03-03,20.4,1.47,0,,19.79,22.42,True,True
03-03-2026 10:00,NIBAS,6.99,7.94,6.99,7.86,5931473.0,0.08,0.87,0.2,343.88,0.87,1809762.9,227.75,0.09,True,70.29,0.16,0.04,0.12,2026-03-03,7.31,7.52,1,7.94,5.99,7.94,False,False
03-03-2026 10:00,OSMEN,7.7,7.81,7.67,7.81,638394.0,0.0,0.11,0.01,633.33,0.11,336654.2,89.63,0.0,True,38.96,-0.2,-0.2,0.0,2026-03-03,7.71,1.3,0,,7.45,8.71,True,True
03-03-2026 10:00,GIPTA,54.35,55.6,53.55,55.4,854614.0,0.2,1.05,0.32,223.08,1.05,260235.6,228.4,0.19,True,49.08,-1.0,-1.24,0.24,2026-03-03,54.1,2.4,0,,50.8,60.6,False,False
03-03-2026 10:00,PENGD,8.64,8.83,8.64,8.83,1024385.0,0.0,0.19,0.04,387.18,0.19,597474.7,71.45,0.0,True,46.84,-0.14,-0.14,0.01,2026-03-03,8.68,1.73,0,,8.43,9.5,True,True
03-03-2026 10:00,PENTA,13.13,13.43,13.0,13.35,1182929.0,0.08,0.22,0.03,547.06,0.22,503929.7,134.74,0.36,True,42.66,-0.28,-0.31,0.03,2026-03-03,13.13,1.68,0,,12.65,14.36,True,False
03-03-2026 10:00,PETKM,18.11,19.56,18.11,19.2,65305248.0,0.36,1.09,0.1,948.08,1.09,16263172.1,301.55,0.33,True,71.37,0.19,0.06,0.13,2026-03-03,17.85,7.56,1,19.56,16.5,19.56,False,False
03-03-2026 10:00,PLTUR,20.96,21.74,20.92,21.68,470126.0,0.06,0.72,0.12,510.17,0.72,157504.8,198.48,0.08,True,47.35,-0.47,-0.53,0.06,2026-03-03,21.0,3.24,0,,20.08,23.36,True,False
03-03-2026 10:00,SOKE,13.76,14.33,13.54,14.28,3096992.0,0.05,0.52,0.13,316.0,0.52,747543.4,314.29,0.1,True,69.51,0.14,0.07,0.07,2026-03-03,13.76,3.78,1,14.33,12.36,14.33,False,False
03-03-2026 10:00,PNLSN,48.5,52.8,47.74,51.7,2050729.0,1.1,3.2,0.37,769.57,3.2,516829.0,296.79,0.34,True,54.57,-0.5,-0.44,-0.06,2026-03-03,49.0,5.51,2,47.74,47.74,54.55,False,False
03-03-2026 10:00,PRDGS,6.53,6.88,6.51,6.83,2068043.0,0.05,0.3,0.05,488.24,0.3,745518.6,177.4,0.17,True,54.94,-0.09,-0.13,0.04,2026-03-03,6.53,4.59,1,6.88,6.33,6.88,True,False
03-03-2026 10:00,PRKME,18.88,20.24,18.85,20.24,1101211.0,0.0,1.36,0.16,766.24,1.36,219914.8,400.74,0.0,True,63.78,-0.17,-0.29,0.11,2026-03-03,18.96,6.75,0,,17.7,20.6,False,False
03-03-2026 10:00,REEDR,5.99,6.01,5.93,6.01,3855333.0,0.0,0.02,0.0,300.0,0.02,2434154.0,58.38,0.0,True,29.18,-0.15,-0.15,-0.0,2026-03-03,5.98,0.5,0,,5.86,6.61,False,False
03-03-2026 10:00,RTALB,3.76,3.94,3.76,3.89,15982968.0,0.05,0.13,0.03,381.48,0.13,4978104.2,221.07,0.38,True,50.9,-0.06,-0.07,0.01,2026-03-03,3.8,2.37,1,3.94,3.61,3.94,False,False
03-03-2026 10:00,RUZYE,11.06,11.55,10.82,11.44,2548119.0,0.11,0.38,0.06,522.95,0.38,672876.1,278.69,0.29,True,59.59,-0.09,-0.17,0.08,2026-03-03,11.11,2.97,0,,10.19,11.92,False,False
03-03-2026 10:00,SEGYO,6.3,6.77,6.3,6.77,7091469.0,0.0,0.47,0.1,365.35,0.47,2738363.2,158.97,0.0,True,70.65,0.1,0.03,0.07,2026-03-03,6.4,5.78,0,,5.72,ATH,False,False
03-03-2026 10:00,SNICA,3.73,3.85,3.73,3.84,2738166.0,0.01,0.11,0.01,1000.0,0.11,1086804.9,151.95,0.09,True,44.94,-0.07,-0.07,0.0,2026-03-03,3.75,2.4,1,3.85,3.62,3.85,False,False
03-03-2026 10:00,GLRMK,162.2,165.5,161.5,165.1,273668.0,0.4,2.9,0.72,302.78,2.9,155693.5,75.77,0.14,True,47.92,-1.96,-2.3,0.34,2026-03-03,162.8,1.41,0,,157.0,173.3,False,False
03-03-2026 10:00,ZOREN,3.07,3.1,3.04,3.1,12566575.0,0.0,0.03,0.01,500.0,0.03,7569315.2,66.02,0.0,True,33.13,-0.1,-0.1,-0.0,2026-03-03,3.07,0.98,0,,3.04,3.65,False,False
03-03-2026 10:00,BMSTL,67.0,73.25,67.0,73.0,1925851.0,0.25,6.0,0.17,3429.41,6.0,562373.8,242.45,0.04,True,48.79,-3.35,-3.84,0.48,2026-03-03,67.0,8.96,0,,67.0,95.15,True,True
03-03-2026 10:00,CEOEM,21.0,21.66,20.64,21.64,238163.0,0.02,0.64,0.22,194.93,0.64,141100.2,68.79,0.03,True,64.77,0.03,-0.17,0.21,2026-03-03,20.8,4.04,0,,18.7,22.94,False,False
03-03-2026 10:00,ATATP,145.4,152.3,144.9,150.8,479579.0,1.5,5.4,1.4,285.71,5.4,161359.4,197.21,0.28,True,56.85,-1.37,-2.44,1.07,2026-03-03,144.7,4.22,0,,132.3,154.3,False,False
03-03-2026 10:00,ECILC,110.8,114.2,110.2,113.7,968594.0,0.5,2.9,0.56,417.86,2.9,358392.4,170.26,0.17,True,51.42,-0.95,-1.17,0.22,2026-03-03,112.2,1.34,0,,105.4,121.3,False,False
03-03-2026 10:00,BSOKE,28.78,29.48,28.5,29.3,1241149.0,0.18,0.52,0.05,900.0,0.52,691336.9,79.53,0.35,True,56.16,0.04,-0.03,0.07,2026-03-03,28.82,1.67,0,,26.66,29.7,False,False
03-03-2026 10:00,ANELE,14.14,14.4,14.13,14.39,185230.0,0.01,0.25,0.04,468.18,0.25,67692.9,173.63,0.04,True,46.82,-0.22,-0.25,0.02,2026-03-03,14.14,1.77,0,,13.32,15.2,False,False
03-03-2026 10:00,EPLAS,5.81,6.01,5.79,6.0,571249.0,0.01,0.19,0.03,578.57,0.19,213045.6,168.13,0.05,True,45.78,-0.12,-0.13,0.01,2026-03-03,5.82,3.09,2,5.79,5.79,6.38,True,True
03-03-2026 10:00,DOFRB,88.6,91.7,88.25,91.05,1987576.0,0.65,2.45,0.67,268.42,2.45,1204331.8,65.04,0.27,True,54.63,-0.88,-1.35,0.46,2026-03-03,88.5,2.88,1,91.7,81.55,91.7,False,False
03-03-2026 10:00,AKENR,10.15,10.54,10.06,10.44,1286815.0,0.1,0.29,0.06,360.32,0.29,527335.5,144.02,0.34,True,55.87,-0.1,-0.14,0.04,2026-03-03,10.11,3.26,0,,9.57,10.7,False,False
03-03-2026 10:00,ENTRA,9.96,10.13,9.92,10.09,2809997.0,0.04,0.13,0.03,364.29,0.13,1204780.7,133.24,0.31,True,39.89,-0.19,-0.22,0.02,2026-03-03,9.96,1.31,0,,9.68,10.86,True,False
03-03-2026 10:00,DARDL,2.01,2.06,2.0,2.06,4577452.0,0.0,0.05,0.01,525.0,0.05,2326265.8,96.77,0.0,True,45.68,-0.04,-0.04,0.0,2026-03-03,2.02,1.98,0,,1.97,2.22,True,True
03-03-2026 10:00,BESLR,14.35,14.83,14.31,14.75,846856.0,0.08,0.4,0.09,325.53,0.4,364959.4,132.04,0.2,True,52.97,-0.19,-0.27,0.08,2026-03-03,14.4,2.43,1,14.83,13.61,14.83,False,False
03-03-2026 10:00,DESA,11.58,11.68,11.53,11.66,116736.0,0.02,0.08,0.01,788.89,0.08,68799.3,69.68,0.25,True,39.35,-0.21,-0.21,-0.0,2026-03-03,11.72,-0.51,0,,11.2,12.68,False,False
03-03-2026 10:00,AVGYO,12.71,13.24,12.71,13.17,804753.0,0.07,0.46,0.08,497.4,0.46,240569.1,234.52,0.15,True,60.56,0.02,-0.05,0.07,2026-03-03,12.71,3.62,0,,11.72,13.18,False,False
03-03-2026 10:00,BINHO,8.6,8.76,8.45,8.73,10432187.0,0.03,0.13,0.04,217.07,0.13,3622634.8,187.97,0.23,True,49.69,-0.12,-0.15,0.03,2026-03-03,8.56,1.99,0,,8.15,9.33,False,False
03-03-2026 10:00,AKFYE,17.39,17.77,17.28,17.72,1490368.0,0.05,0.33,0.09,279.31,0.33,787112.0,89.35,0.15,True,52.45,-0.14,-0.19,0.05,2026-03-03,17.33,2.25,0,,16.61,18.67,False,False
03-03-2026 10:00,EGEGY,28.96,30.42,28.54,30.42,1324851.0,0.0,1.46,0.14,973.53,1.46,262887.8,403.96,0.0,True,62.85,-0.45,-0.72,0.27,2026-03-03,27.66,9.98,1,30.42,26.6,31.86,False,False
03-03-2026 10:00,DMRGD,3.6,3.98,3.59,3.89,13112314.0,0.09,0.29,0.05,544.44,0.29,4714789.5,178.11,0.31,True,60.07,-0.06,-0.1,0.03,2026-03-03,3.62,7.46,1,3.98,3.34,3.98,False,False
03-03-2026 10:00,BMSCH,17.0,17.9,16.93,17.72,1203804.0,0.18,0.72,0.15,383.22,0.72,349918.8,244.02,0.25,True,59.84,0.08,0.02,0.06,2026-03-03,17.03,4.05,0,,15.8,18.47,False,False
03-03-2026 10:00,AYGAZ,251.0,260.75,250.75,258.5,1085598.0,2.25,7.5,1.11,575.68,7.5,274061.7,296.11,0.3,True,69.3,1.21,-0.12,1.33,2026-03-03,250.0,3.4,0,,228.0,ATH,False,False
03-03-2026 10:00,BJKAS,1.48,1.52,1.47,1.52,7610042.0,0.0,0.04,0.01,400.0,0.04,4637167.0,64.11,0.0,True,53.81,-0.02,-0.02,0.0,2026-03-03,1.48,2.7,0,,1.44,1.57,True,False
03-03-2026 10:00,ETILR,3.55,3.64,3.53,3.62,989723.0,0.02,0.07,0.02,337.5,0.07,446668.4,121.58,0.29,True,44.98,-0.07,-0.08,0.01,2026-03-03,3.55,1.97,0,,3.37,3.96,False,False
03-03-2026 10:00,DZGYO,7.98,8.07,7.86,8.06,2537307.0,0.01,0.08,0.01,900.0,0.08,439532.1,477.27,0.12,True,19.87,-0.3,-0.24,-0.06,2026-03-03,8.37,-3.7,0,,ATL,9.72,False,False
03-03-2026 10:00,CANTE,1.52,1.54,1.51,1.54,142655654.0,0.0,0.02,0.0,400.0,0.02,59605186.0,139.33,0.0,True,39.1,-0.04,-0.04,0.0,2026-03-03,1.51,1.99,0,,1.48,1.67,True,True
03-03-2026 10:00,AHSGY,20.9,22.32,20.74,22.32,2633142.0,0.0,1.42,0.14,900.0,1.42,363274.3,624.84,0.0,True,73.49,0.5,0.25,0.25,2026-03-03,20.3,9.95,1,22.32,16.62,ATH,False,False
03-03-2026 10:00,GENIL,8.16,8.87,8.12,8.67,37203701.0,0.2,0.51,0.13,295.35,0.51,11400043.9,226.35,0.39,True,72.9,0.17,0.1,0.07,2026-03-03,8.19,5.86,1,8.87,7.2,8.87,False,False
03-03-2026 10:00,BERA,16.61,17.05,16.52,16.99,2669278.0,0.06,0.38,0.1,261.9,0.38,1393122.9,91.6,0.16,True,51.96,-0.2,-0.28,0.08,2026-03-03,16.66,1.98,0,,15.58,17.8,False,False
03-03-2026 10:00,ADEL,30.1,33.36,29.82,33.34,1597969.0,0.02,3.24,0.39,722.34,3.24,308090.1,418.67,0.01,True,50.44,-0.78,-0.77,-0.02,2026-03-03,32.24,3.41,0,,29.58,35.76,True,True
03-03-2026 10:00,DURKN,17.32,17.79,17.0,17.72,1884058.0,0.07,0.4,0.04,852.38,0.4,593469.5,217.47,0.18,True,39.39,-0.56,-0.61,0.05,2026-03-03,17.31,2.37,0,,16.88,20.26,True,True
03-03-2026 10:00,ALKA,10.18,10.54,10.11,10.53,1584899.0,0.01,0.35,0.05,548.15,0.35,496819.7,219.01,0.03,True,44.37,-0.24,-0.25,0.01,2026-03-03,10.33,1.94,2,10.11,10.11,11.49,True,True
03-03-2026 10:00,AEFES,18.38,18.74,18.34,18.66,5913696.0,0.08,0.28,0.06,374.58,0.28,3258836.0,81.47,0.29,True,47.17,-0.24,-0.29,0.05,2026-03-03,18.4,1.41,0,,17.71,20.52,False,False
03-03-2026 10:00,DYOBY,12.8,13.05,12.72,13.03,144570.0,0.02,0.23,0.03,641.94,0.23,65791.0,119.74,0.09,True,44.28,-0.24,-0.24,0.01,2026-03-03,12.8,1.8,0,,12.25,14.04,False,False
03-03-2026 10:00,AGROT,2.77,2.8,2.76,2.8,6127700.0,0.0,0.03,0.0,2900.0,0.03,2713328.3,125.84,0.0,True,38.06,-0.06,-0.06,0.0,2026-03-03,2.77,1.08,0,,2.71,3.03,True,False
03-03-2026 10:00,AVOD,4.06,4.13,4.01,4.12,2201741.0,0.01,0.06,0.02,172.73,0.06,863950.2,154.85,0.17,True,52.28,-0.04,-0.07,0.03,2026-03-03,4.09,0.73,0,,3.75,4.22,False,False
03-03-2026 10:00,CEMZY,47.3,51.95,46.24,51.35,1351011.0,0.6,4.05,0.45,810.11,4.05,263722.0,412.29,0.15,True,51.81,-1.65,-1.77,0.12,2026-03-03,47.62,7.83,2,46.24,46.24,57.5,True,True
03-03-2026 10:00,BEGYO,4.09,4.16,4.07,4.16,1670672.0,0.0,0.07,0.01,600.0,0.07,994774.1,67.94,0.0,True,40.81,-0.09,-0.09,-0.0,2026-03-03,4.09,1.71,0,,3.96,4.65,True,True
03-03-2026 10:00,FENER,2.9,2.95,2.87,2.95,33039618.0,0.0,0.05,0.01,525.0,0.05,16973824.6,94.65,0.0,True,43.51,-0.05,-0.06,0.0,2026-03-03,2.9,1.72,0,,2.84,3.21,True,True
03-03-2026 10:00,FADE,13.91,14.25,13.91,14.22,319506.0,0.03,0.31,0.05,496.15,0.31,146945.5,117.43,0.1,True,46.38,-0.25,-0.29,0.04,2026-03-03,13.93,2.08,0,,13.42,15.2,False,False
02-03-2026 17:00,ISFIN,20.22,20.96,20.14,20.84,924661.0,0.12,0.62,0.08,675.0,0.62,285519.5,223.85,0.19,True,48.78,-0.26,-0.2,-0.06,2026-03-02,21.36,-2.43,0,,20.0,22.32,False,False
02-03-2026 17:00,PASEU,113.6,121.0,110.9,120.1,1750101.0,0.9,6.5,0.76,755.26,6.5,585064.0,199.13,0.14,True,52.67,-2.92,-3.05,0.13,2026-03-02,121.3,-0.99,0,,109.2,127.9,True,True
02-03-2026 16:00,TERA,243.5,255.25,242.0,254.25,4464333.0,1.0,10.75,0.54,1890.74,10.75,1285128.5,247.38,0.09,True,46.84,-5.78,-4.23,-1.55,2026-03-02,264.0,-3.69,0,,237.6,282.0,False,False
02-03-2026 16:00,LYDHO,204.1,211.2,203.2,211.0,392288.0,0.2,6.9,1.76,292.05,6.9,229497.4,70.93,0.03,True,63.29,0.24,-0.72,0.97,2026-03-02,200.0,5.5,0,,185.5,ATH,False,False
02-03-2026 16:00,BULGS,42.36,44.94,42.34,44.36,3936088.0,0.58,2.0,0.18,1023.6,2.0,1348799.5,191.82,0.29,True,45.54,-1.19,-1.12,-0.07,2026-03-02,45.52,-2.55,0,,41.94,49.92,True,True
02-03-2026 16:00,AKGRT,7.37,7.55,7.37,7.52,5531689.0,0.03,0.15,0.02,614.29,0.15,2224187.7,148.71,0.2,True,50.08,-0.1,-0.1,0.01,2026-03-02,7.52,0.0,0,,7.1,7.83,False,False
02-03-2026 15:00,EUREN,4.8,4.92,4.76,4.9,10520804.0,0.02,0.1,0.02,525.0,0.1,6882802.2,52.86,0.2,True,43.22,-0.1,-0.09,-0.01,2026-03-02,5.03,-2.58,0,,4.64,5.21,True,True
02-03-2026 15:00,HALKB,47.94,48.98,47.82,48.82,9079598.0,0.16,0.88,0.24,263.64,0.88,5815797.6,56.12,0.18,True,49.82,-0.44,-0.41,-0.04,2026-03-02,49.0,-0.37,0,,46.44,50.95,False,False
02-03-2026 15:00,AFYON,14.17,14.49,14.09,14.48,808124.0,0.01,0.31,0.07,362.69,0.31,496553.4,62.75,0.03,True,49.61,-0.17,-0.15,-0.02,2026-03-02,14.53,-0.34,0,,13.45,14.98,False,False
02-03-2026 15:00,HTTBT,40.24,40.98,40.14,40.8,180806.0,0.18,0.56,0.07,677.78,0.56,118719.4,52.3,0.32,True,41.55,-0.64,-0.5,-0.15,2026-03-02,41.74,-2.25,0,,39.34,44.0,False,False
02-03-2026 15:00,ODAS,5.6,5.77,5.56,5.73,11929812.0,0.04,0.13,0.02,519.05,0.13,6881716.1,73.36,0.31,True,43.52,-0.11,-0.08,-0.03,2026-03-02,5.88,-2.55,0,,5.47,6.17,False,False
02-03-2026 15:00,NTGAZ,11.43,12.51,11.39,12.42,6486825.0,0.09,0.99,0.18,459.32,0.99,2356854.2,175.23,0.09,True,62.0,-0.06,-0.15,0.09,2026-03-02,11.4,8.95,0,,10.6,12.9,False,False
02-03-2026 13:00,SEKUR,5.2,5.51,5.18,5.49,974043.0,0.02,0.29,0.03,935.71,0.29,613469.1,58.78,0.07,True,44.51,-0.14,-0.08,-0.06,2026-03-02,5.6,-1.96,0,,5.05,6.04,False,False
02-03-2026 12:00,ECOGR,24.66,26.24,24.58,26.08,5300498.0,0.16,1.42,0.22,551.38,1.42,1548646.0,242.27,0.11,True,60.36,-0.06,-0.06,0.0,2026-03-02,25.38,2.76,0,,23.5,ATH,False,False
02-03-2026 11:00,DMSAS,8.52,8.74,8.43,8.69,1435775.0,0.05,0.17,0.02,672.73,0.17,479752.2,199.27,0.29,True,28.96,-0.14,-0.07,-0.08,2026-03-02,9.29,-6.46,0,,8.38,9.34,False,False
02-03-2026 11:00,KLKIM,37.1,38.24,36.9,37.92,518584.0,0.32,0.82,0.02,3316.67,0.82,343198.7,51.1,0.39,True,36.94,-0.5,-0.19,-0.31,2026-03-02,40.0,-5.2,0,,36.5,41.16,False,False
02-03-2026 11:00,CCOLA,66.45,68.05,66.25,67.95,1307973.0,0.1,1.5,0.17,809.09,1.5,761257.1,71.82,0.07,True,40.09,-1.19,-0.9,-0.29,2026-03-02,71.2,-4.56,0,,65.0,74.85,True,True
02-03-2026 10:00,ALKIM,15.99,17.0,15.9,16.73,491740.0,0.27,0.74,0.04,1847.37,0.74,175878.3,179.59,0.36,True,35.5,-0.34,-0.21,-0.13,2026-03-02,17.52,-4.51,0,,15.81,18.16,False,False
02-03-2026 10:00,MAVI,41.32,43.5,41.06,43.26,2090115.0,0.24,1.94,0.1,1765.38,1.94,793809.5,163.3,0.12,True,35.49,-0.67,-0.31,-0.36,2026-03-02,45.4,-4.71,2,41.06,41.06,46.74,False,False
02-03-2026 10:00,DAPGM,10.31,10.92,10.31,10.76,3028479.0,0.16,0.45,0.02,1945.45,0.45,1030343.8,193.93,0.36,True,33.2,-0.21,-0.11,-0.1,2026-03-02,11.45,-6.03,2,10.31,10.31,11.89,False,False
02-03-2026 10:00,LIDFA,2.89,3.09,2.89,3.07,4908917.0,0.02,0.18,0.0,5900.0,0.18,2143960.0,128.96,0.11,True,39.44,-0.07,-0.04,-0.03,2026-03-02,3.13,-1.92,2,2.89,2.89,3.34,False,False
02-03-2026 10:00,PETUN,11.05,11.56,10.89,11.48,887782.0,0.08,0.43,0.02,1769.57,0.43,213840.0,315.16,0.19,True,39.32,-0.15,-0.1,-0.05,2026-03-02,11.79,-2.63,2,10.89,10.89,12.07,False,False
02-03-2026 10:00,TUPRS,218.6,232.7,218.6,231.0,21999233.0,1.7,12.4,1.51,721.19,12.4,5006315.9,339.43,0.14,True,76.71,0.45,-0.86,1.32,2026-03-02,218.5,5.72,0,,212.5,ATH,False,False
02-03-2026 10:00,CGCAM,34.08,37.5,34.08,36.74,1603574.0,0.76,2.66,0.33,706.06,2.66,604288.8,165.37,0.29,True,50.27,0.09,0.23,-0.13,2026-03-02,37.7,-2.55,2,34.08,34.08,38.4,False,False
02-03-2026 10:00,OTKAR,359.75,393.0,356.0,389.25,1453619.0,3.75,29.5,2.85,935.09,29.5,331017.7,339.14,0.13,True,50.39,-4.25,-3.67,-0.58,2026-03-02,384.75,1.17,0,,355.5,399.5,True,True
02-03-2026 10:00,PATEK,18.89,20.68,18.7,20.18,26749968.0,0.5,1.29,0.13,907.81,1.29,5668268.4,371.92,0.39,True,69.58,0.19,0.09,0.1,2026-03-02,19.29,4.61,2,18.7,18.7,20.58,False,False
02-03-2026 10:00,PINSU,9.12,9.6,9.01,9.48,1175348.0,0.12,0.36,0.0,2.026619832316729e+17,0.36,377787.1,211.11,0.33,True,29.35,-0.23,-0.15,-0.08,2026-03-02,9.95,-4.72,2,9.01,9.01,10.47,False,False
02-03-2026 10:00,A1CAP,15.39,16.98,15.26,16.65,8583649.0,0.33,1.26,0.11,1066.67,1.26,2745735.5,212.62,0.26,True,52.56,-0.16,-0.17,0.01,2026-03-02,16.38,1.65,0,,15.25,18.27,True,True
02-03-2026 10:00,ENERY,9.39,9.74,9.36,9.65,5788715.0,0.09,0.26,0.01,2066.67,0.26,1880343.9,207.85,0.35,True,45.33,-0.02,0.01,-0.03,2026-03-02,10.02,-3.69,0,,9.34,10.08,False,False
02-03-2026 10:00,FRIGO,7.91,8.3,7.91,8.22,2905957.0,0.08,0.31,0.02,1622.22,0.31,1156562.1,151.26,0.26,True,34.04,-0.16,-0.08,-0.07,2026-03-02,8.78,-6.38,2,7.91,7.91,9.22,False,False
02-03-2026 10:00,SEYKM,4.39,4.6,4.38,4.54,610168.0,0.06,0.15,0.01,1150.0,0.15,229467.7,165.91,0.4,True,32.0,-0.1,-0.06,-0.04,2026-03-02,4.86,-6.58,2,4.38,4.38,5.34,False,False
02-03-2026 10:00,BIMAS,632.0,659.0,628.0,652.0,1668969.0,7.0,20.0,1.6,1150.0,20.0,979919.6,70.32,0.35,True,41.35,-7.83,-5.27,-2.56,2026-03-02,667.5,-2.32,2,628.0,628.0,683.0,False,False
02-03-2026 10:00,ESCAR,24.56,26.88,24.56,26.82,3799859.0,0.06,2.26,0.18,1155.56,2.26,1375547.7,176.24,0.03,True,50.95,-0.22,-0.07,-0.15,2026-03-02,26.52,1.13,0,,24.5,27.66,False,False
02-03-2026 10:00,KATMR,2.77,2.99,2.64,2.94,131378848.0,0.05,0.17,0.03,529.63,0.17,37359693.3,251.66,0.29,True,77.95,0.03,0.0,0.03,2026-03-02,2.79,5.38,2,2.64,2.64,3.08,False,False
02-03-2026 10:00,KCAER,10.07,10.62,10.04,10.53,5332444.0,0.09,0.46,0.02,1900.0,0.46,1801362.7,196.02,0.2,True,39.47,-0.11,-0.03,-0.08,2026-03-02,11.02,-4.45,2,10.04,10.04,11.49,False,False
02-03-2026 10:00,IEYHO,82.0,83.45,81.95,83.1,6791704.0,0.35,1.1,0.08,1366.67,1.1,2079489.6,226.6,0.32,True,46.12,0.41,0.72,-0.32,2026-03-02,83.15,-0.06,2,81.95,81.95,87.55,False,False
02-03-2026 10:00,AKSA,9.28,9.93,9.28,9.83,8260594.0,0.1,0.55,0.03,1674.19,0.55,2531076.1,226.37,0.18,True,38.07,-0.18,-0.12,-0.06,2026-03-02,10.18,-3.44,0,,9.26,10.48,False,False
02-03-2026 10:00,SEGMN,45.02,47.1,44.0,46.68,1013342.0,0.42,1.66,0.2,738.38,1.66,283905.5,256.93,0.25,True,44.94,-0.27,-0.11,-0.16,2026-03-02,47.5,-1.73,2,44.0,44.0,49.48,False,False
02-03-2026 10:00,AKYHO,2.48,2.59,2.45,2.57,882997.0,0.02,0.09,0.01,1185.71,0.09,241702.8,265.32,0.22,True,30.11,-0.04,-0.02,-0.02,2026-03-02,2.71,-5.17,2,2.45,2.45,2.78,False,False
02-03-2026 10:00,GMTAS,24.58,26.12,24.58,25.88,815942.0,0.24,1.3,0.11,1060.71,1.3,301278.7,170.83,0.18,True,49.25,-0.1,-0.04,-0.06,2026-03-02,26.22,-1.3,0,,24.52,26.6,False,False
27-02-2026 17:00,IHAAS,80.0,85.25,78.5,85.0,577326.0,0.25,5.0,0.33,1415.15,5.0,116397.5,396.0,0.05,True,62.13,1.93,2.25,-0.33,2026-02-27,82.7,2.78,1,85.25,75.0,85.25,False,False
27-02-2026 17:00,HUBVC,4.53,4.71,4.52,4.71,713789.0,0.0,0.18,0.01,3500.0,0.18,407342.0,75.23,0.0,True,55.15,-0.0,-0.0,-0.0,2026-02-27,4.66,1.07,1,4.71,4.5,4.79,False,False
27-02-2026 17:00,LIDER,80.35,83.25,78.3,83.25,543000.0,0.0,2.9,0.28,935.71,2.9,117018.5,364.03,0.0,True,66.01,0.17,0.09,0.08,2026-02-27,80.95,2.84,0,,79.85,ATH,False,False
27-02-2026 15:00,MEGMT,76.25,78.7,76.15,78.3,3834487.0,0.4,2.05,0.57,262.83,2.05,1548414.0,147.64,0.2,True,77.57,0.91,0.56,0.36,2026-02-27,74.1,5.67,1,78.7,72.1,78.7,False,False
27-02-2026 15:00,RYSAS,21.1,21.84,20.8,21.82,7191902.0,0.02,0.72,0.13,445.45,0.72,3459622.6,107.88,0.03,True,89.13,0.65,0.55,0.11,2026-02-27,20.76,5.11,1,21.84,18.6,21.84,False,False
27-02-2026 14:00,SDTTR,218.7,237.0,218.6,235.9,965326.0,1.1,17.2,1.2,1333.33,17.2,286958.0,236.4,0.06,True,65.43,-1.82,-2.62,0.81,2026-02-27,219.4,7.52,0,,216.2,236.0,True,True
27-02-2026 14:00,ONRYT,64.85,66.45,64.8,66.2,396565.0,0.25,1.35,0.2,575.0,1.35,97135.1,308.26,0.19,True,64.84,-0.22,-0.51,0.29,2026-02-27,64.3,2.95,0,,63.7,69.65,True,False
27-02-2026 14:00,ASELS,311.75,317.5,311.5,316.25,9231429.0,1.25,4.5,0.57,682.61,4.5,4236751.4,117.89,0.28,True,61.27,1.0,0.32,0.68,2026-02-27,311.0,1.69,0,,304.0,ATH,False,False
27-02-2026 14:00,PAPIL,18.31,18.96,18.31,18.89,3140732.0,0.07,0.58,0.01,5172.73,0.58,1157743.8,171.28,0.12,True,56.88,-0.1,-0.15,0.05,2026-02-27,18.44,2.44,0,,18.04,19.42,False,False
27-02-2026 14:00,ALTIN,88.82,89.45,88.78,89.38,4251921.0,0.07,0.56,0.12,366.67,0.56,2275714.7,86.84,0.13,True,59.27,-0.04,-0.12,0.08,2026-02-27,88.34,1.18,0,,87.55,90.0,False,False
27-02-2026 14:00,ALTNY,15.93,16.58,15.91,16.48,9760834.0,0.1,0.55,0.05,1095.65,0.55,2916733.0,234.65,0.18,True,63.36,-0.09,-0.13,0.05,2026-02-27,15.87,3.84,0,,15.82,16.82,True,True
27-02-2026 13:00,MOGAN,10.73,11.0,10.71,10.97,8938085.0,0.03,0.24,0.03,788.89,0.24,1982877.9,350.76,0.12,True,60.67,-0.05,-0.1,0.05,2026-02-27,10.48,4.68,1,11.0,10.4,11.0,True,False
27-02-2026 12:00,FONET,3.4,3.68,3.4,3.68,67243647.0,0.0,0.28,0.04,566.67,0.28,18075698.3,272.01,0.0,True,72.38,0.04,0.02,0.02,2026-02-27,3.35,9.85,1,3.68,3.23,ATH,False,False
27-02-2026 11:00,SARKY,37.42,38.1,37.34,37.98,2486199.0,0.12,0.56,0.01,5500.0,0.56,1168027.8,112.85,0.21,True,56.59,-0.11,-0.19,0.08,2026-02-27,37.02,2.59,1,38.1,36.72,38.1,False,False
27-02-2026 11:00,ALFAS,40.44,40.76,40.38,40.72,284943.0,0.04,0.28,0.05,508.7,0.28,144638.0,97.0,0.14,True,57.75,-0.08,-0.15,0.07,2026-02-27,40.2,1.29,0,,40.02,42.1,True,False
27-02-2026 11:00,KRDMA,30.16,30.44,29.98,30.44,1657749.0,0.0,0.28,0.04,536.36,0.28,512254.6,223.62,0.0,True,65.35,0.04,-0.03,0.07,2026-02-27,29.86,1.94,0,,29.38,30.8,False,False
27-02-2026 11:00,EUPWR,35.48,36.28,35.44,36.18,1643447.0,0.1,0.7,0.05,1358.33,0.7,729399.4,125.32,0.14,True,48.58,-0.37,-0.48,0.11,2026-02-27,35.7,1.34,0,,35.24,39.66,True,False
27-02-2026 11:00,MGROS,652.0,668.0,647.0,663.5,934800.0,4.5,11.5,1.7,576.47,11.5,416915.6,124.22,0.39,True,52.83,-1.27,-2.13,0.86,2026-02-27,664.5,-0.15,0,,639.5,673.0,False,False
27-02-2026 11:00,MIATK,37.96,38.7,37.92,38.64,2308356.0,0.06,0.68,0.11,529.63,0.68,1202809.6,91.91,0.09,True,65.22,0.01,-0.15,0.16,2026-02-27,37.94,1.85,0,,36.84,40.54,False,False
27-02-2026 11:00,IHEVA,2.32,2.33,2.31,2.33,168275.0,0.0,0.01,0.0,400.0,0.01,89560.5,87.89,0.0,True,45.99,-0.01,-0.01,0.0,2026-02-27,2.33,0.0,0,,2.29,2.34,False,False
27-02-2026 11:00,SMRTG,7.43,7.54,7.41,7.51,1360295.0,0.03,0.08,0.01,515.38,0.08,758501.5,79.34,0.38,True,51.35,-0.05,-0.07,0.02,2026-02-27,7.4,1.49,1,7.54,7.2,7.54,False,False
27-02-2026 10:00,GUNDG,465.0,492.0,445.0,489.0,114208.0,3.0,24.0,6.35,277.95,24.0,58507.7,95.2,0.12,True,77.78,21.8,16.82,4.98,2026-02-27,468.25,4.43,0,,372.75,ATH,False,False
27-02-2026 10:00,OZRDN,26.9,28.64,26.0,28.3,309178.0,0.34,1.4,0.2,586.27,1.4,86834.5,256.05,0.24,True,63.59,0.48,0.27,0.21,2026-02-27,27.02,4.74,1,28.64,22.74,28.64,False,False
27-02-2026 10:00,IHYAY,1.84,1.85,1.83,1.85,748510.0,0.0,0.01,0.0,900.0,0.01,435510.9,71.87,0.0,True,48.48,-0.01,-0.01,0.0,2026-02-27,1.83,1.09,1,1.85,1.83,1.9,True,False
27-02-2026 10:00,ADGYO,53.25,56.7,53.05,56.0,560386.0,0.7,2.75,0.48,472.92,2.75,179457.6,212.27,0.25,True,66.3,0.08,-0.41,0.49,2026-02-27,53.4,4.87,0,,49.88,57.2,False,False
27-02-2026 10:00,EGSER,3.08,3.12,3.07,3.11,538542.0,0.01,0.03,0.0,1400.0,0.03,259608.0,107.44,0.33,True,56.76,-0.01,-0.02,0.01,2026-02-27,3.06,1.63,1,3.12,3.05,3.12,True,True
27-02-2026 10:00,OSTIM,2.98,3.01,2.97,3.01,2331455.0,0.0,0.03,0.0,1400.0,0.03,1016597.2,129.34,0.0,True,54.35,-0.01,-0.01,0.0,2026-02-27,2.97,1.35,0,,2.96,3.07,True,False
27-02-2026 10:00,RGYAS,160.7,168.5,160.3,167.2,1485263.0,1.3,6.5,0.53,1126.42,6.5,319480.2,364.9,0.2,True,70.1,0.23,-0.2,0.43,2026-02-27,159.0,5.16,0,,158.2,ATH,False,False
27-02-2026 10:00,CWENE,30.3,32.36,30.1,32.22,41343199.0,0.14,1.92,0.2,841.18,1.92,8358490.2,394.63,0.07,True,67.06,-0.06,-0.21,0.16,2026-02-27,30.4,5.99,2,30.1,30.1,32.5,False,False
27-02-2026 10:00,DNISI,21.76,22.14,21.76,22.04,219624.0,0.1,0.28,0.04,600.0,0.28,93445.4,135.03,0.36,True,58.0,0.04,0.01,0.03,2026-02-27,21.76,1.29,0,,21.2,22.56,False,False
27-02-2026 10:00,ARTMS,39.46,41.18,39.1,41.04,544735.0,0.14,1.58,0.29,441.1,1.58,212549.5,156.29,0.09,True,73.27,0.42,0.2,0.23,2026-02-27,39.34,4.32,0,,37.58,ATH,False,False
27-02-2026 10:00,KLMSN,33.74,36.04,33.34,35.8,5992862.0,0.24,2.06,0.43,376.85,2.06,1323460.4,352.82,0.12,True,84.3,0.86,0.41,0.46,2026-02-27,33.7,6.23,0,,30.5,ATH,False,False
27-02-2026 10:00,TNZTP,24.86,25.44,24.8,25.28,580456.0,0.16,0.42,0.01,2900.0,0.42,169307.5,242.84,0.38,True,53.26,-0.18,-0.23,0.05,2026-02-27,24.7,2.35,0,,24.7,27.0,True,True
27-02-2026 10:00,SANFM,7.81,8.11,7.81,8.05,7655285.0,0.06,0.24,0.05,433.33,0.24,2622588.7,191.9,0.25,True,82.74,0.17,0.12,0.05,2026-02-27,7.76,3.74,0,,7.04,ATH,False,False
27-02-2026 10:00,KLSER,27.2,27.4,27.2,27.36,138811.0,0.04,0.16,0.02,700.0,0.16,84805.0,63.68,0.25,True,47.83,-0.1,-0.13,0.03,2026-02-27,27.18,0.66,0,,27.0,28.62,True,False
26-02-2026 17:00,MACKO,35.5,36.16,35.44,36.04,204026.0,0.12,0.54,0.08,575.0,0.54,117933.3,73.0,0.22,True,58.54,-0.14,-0.23,0.09,2026-02-26,35.14,2.56,0,,34.6,36.46,False,False
26-02-2026 17:00,TEZOL,14.45,15.03,14.44,14.9,2263547.0,0.13,0.45,0.02,1700.0,0.45,445708.5,407.85,0.29,True,58.25,-0.08,-0.12,0.04,2026-02-26,14.7,1.36,1,15.03,14.2,15.03,True,False
26-02-2026 17:00,ISDMR,44.74,45.5,44.68,45.46,808066.0,0.04,0.72,0.14,421.74,0.72,274343.0,194.55,0.06,True,66.92,0.17,0.03,0.14,2026-02-26,44.22,2.8,0,,43.14,45.94,False,False
26-02-2026 17:00,GEREL,23.42,25.64,23.42,25.64,4723993.0,0.0,2.22,0.17,1221.43,2.22,1241782.1,280.42,0.0,True,67.78,0.01,-0.14,0.15,2026-02-26,23.32,9.95,0,,22.8,27.0,False,False
26-02-2026 17:00,DOHOL,20.94,21.12,20.9,21.1,3398720.0,0.02,0.16,0.01,1900.0,0.16,1757845.9,93.35,0.12,True,55.76,0.0,0.0,-0.0,2026-02-26,21.2,-0.47,0,,20.44,21.28,False,False
26-02-2026 16:00,NATEN,7.97,8.19,7.97,8.14,1264770.0,0.05,0.17,0.01,1207.69,0.17,477460.1,164.9,0.29,True,63.68,-0.03,-0.04,0.02,2026-02-26,7.96,2.26,0,,7.89,8.33,True,False
26-02-2026 15:00,UCAYM,25.12,26.84,25.1,26.4,6858537.0,0.44,1.28,0.18,611.11,1.28,2132274.6,221.65,0.34,True,61.81,-0.35,-0.53,0.19,2026-02-26,24.74,6.71,0,,24.16,28.3,True,False
26-02-2026 15:00,ARFYE,23.58,25.18,23.5,25.18,3773525.0,0.0,1.6,0.19,760.22,1.6,1664321.3,126.73,0.0,True,59.92,-0.27,-0.49,0.22,2026-02-26,22.9,9.96,0,,22.78,ATH,True,False
26-02-2026 15:00,GWIND,26.14,26.5,26.12,26.42,852989.0,0.08,0.28,0.02,1066.67,0.28,539133.3,58.21,0.29,True,53.86,-0.08,-0.06,-0.02,2026-02-26,26.0,1.62,0,,25.82,27.5,False,False
26-02-2026 14:00,ARZUM,2.68,2.84,2.66,2.8,11231413.0,0.04,0.12,0.01,823.08,0.12,2959967.2,279.44,0.33,True,61.93,-0.02,-0.03,0.01,2026-02-26,2.64,6.06,1,2.84,2.6,2.84,True,False
26-02-2026 14:00,IMASM,4.34,4.49,4.33,4.47,11456388.0,0.02,0.13,0.01,983.33,0.13,2764420.6,314.42,0.15,True,59.15,-0.02,-0.03,0.01,2026-02-26,4.35,2.76,0,,4.27,4.67,True,False
26-02-2026 14:00,EGEPO,12.19,12.43,12.01,12.4,950708.0,0.03,0.21,0.05,320.0,0.21,378604.6,151.11,0.14,True,67.2,0.08,0.05,0.02,2026-02-26,12.0,3.33,0,,11.77,ATH,False,False
26-02-2026 14:00,SELVA,2.24,2.44,2.23,2.44,104026346.0,0.0,0.2,0.02,952.63,0.2,14111659.5,637.17,0.0,True,74.41,-0.0,-0.02,0.02,2026-02-26,2.22,9.91,0,,2.2,ATH,True,False
26-02-2026 14:00,CVKMD,26.64,29.22,26.52,29.08,15220560.0,0.14,2.44,0.09,2552.17,2.44,9069041.4,67.83,0.06,True,39.47,-1.8,-1.78,-0.03,2026-02-26,29.28,-0.68,0,,26.36,37.92,True,True
26-02-2026 13:00,ENKAI,100.9,102.2,100.6,102.1,1209703.0,0.1,1.2,0.12,900.0,1.2,753175.8,60.61,0.08,True,53.45,-0.21,-0.16,-0.05,2026-02-26,101.8,0.29,0,,100.1,104.0,False,False
26-02-2026 13:00,DOAS,215.3,220.2,215.1,219.7,699614.0,0.5,4.4,0.13,3284.62,4.4,211955.1,230.08,0.11,True,46.34,-2.1,-2.03,-0.07,2026-02-26,218.8,0.41,0,,214.3,229.2,True,True
26-02-2026 13:00,GARAN,160.5,163.5,160.1,163.5,4261739.0,0.0,3.0,0.34,782.35,3.0,2779779.6,53.31,0.0,True,66.18,0.53,0.37,0.16,2026-02-26,160.2,2.06,0,,157.8,ATH,False,False
26-02-2026 13:00,FROTO,116.8,118.3,116.2,118.3,1653856.0,0.0,1.5,0.07,2042.86,1.5,1017177.9,62.59,0.0,True,48.51,-0.77,-0.8,0.03,2026-02-26,117.1,1.02,0,,116.1,121.0,True,True
26-02-2026 13:00,BTCIM,5.06,5.11,5.05,5.1,15610582.0,0.01,0.04,0.01,566.67,0.04,8911713.1,75.17,0.25,True,61.77,0.01,0.01,0.0,2026-02-26,5.02,1.59,0,,5.0,ATH,False,False
26-02-2026 13:00,AKBNK,91.05,92.55,90.95,92.5,15010244.0,0.05,1.45,0.12,1160.87,1.45,8805212.2,70.47,0.03,True,63.63,0.27,0.27,0.0,2026-02-26,91.0,1.65,0,,89.75,92.85,False,False
26-02-2026 13:00,ICBCT,13.91,14.12,13.89,14.11,115699.0,0.01,0.2,0.02,700.0,0.2,73602.2,57.2,0.05,True,49.76,-0.06,-0.06,0.0,2026-02-26,14.04,0.5,0,,13.87,14.26,False,False
26-02-2026 13:00,SAHOL,102.9,105.7,102.7,105.7,8225952.0,0.0,2.8,0.06,4566.67,2.8,3712190.3,121.59,0.0,True,56.27,-0.58,-0.57,-0.01,2026-02-26,103.7,1.93,0,,102.0,107.3,False,False
26-02-2026 13:00,VAKFN,2.02,2.09,2.02,2.08,74595654.0,0.01,0.06,0.01,566.67,0.06,14649165.0,409.21,0.17,True,61.98,-0.01,-0.02,0.01,2026-02-26,2.0,4.0,0,,1.99,2.15,True,False
26-02-2026 13:00,ISCTR,17.03,17.23,16.97,17.22,104468500.0,0.01,0.19,0.02,691.67,0.19,65997094.0,58.29,0.05,True,57.26,-0.02,-0.03,0.01,2026-02-26,16.95,1.59,0,,16.73,17.52,False,False
26-02-2026 13:00,MNDRS,14.72,15.07,14.7,15.07,938892.0,0.0,0.35,0.01,4900.0,0.35,363600.8,158.22,0.0,True,51.1,-0.12,-0.14,0.02,2026-02-26,14.87,1.34,0,,14.6,15.8,True,False
26-02-2026 13:00,SISE,45.64,46.28,45.48,46.24,8885447.0,0.04,0.6,0.03,1775.0,0.6,4171568.7,113.0,0.07,True,55.19,-0.17,-0.18,0.01,2026-02-26,45.74,1.09,0,,45.14,47.42,False,False
26-02-2026 13:00,ISMEN,49.38,50.15,49.3,50.15,823657.0,0.0,0.77,0.03,2383.87,0.77,477736.1,72.41,0.0,True,47.26,-0.32,-0.29,-0.03,2026-02-26,50.05,0.2,0,,49.06,52.25,False,False
26-02-2026 13:00,XU030,15362.14,15571.84,15350.66,15571.84,668660915.0,0.0,209.7,4.44,4625.1,209.7,392819474.8,70.22,0.0,True,54.51,-45.37,-40.51,-4.86,2026-02-26,15439.34,0.86,0,,15296.44,15780.29,False,False
26-02-2026 13:00,TSKB,12.83,13.03,12.82,13.01,5940615.0,0.02,0.18,0.03,462.5,0.18,3611752.3,64.48,0.11,True,57.03,-0.07,-0.11,0.04,2026-02-26,12.7,2.44,0,,12.58,13.57,True,False
26-02-2026 12:00,EREGL,31.52,32.08,31.5,31.94,47285494.0,0.14,0.42,0.04,854.55,0.42,16415220.9,188.06,0.33,True,64.2,0.13,0.14,-0.01,2026-02-26,31.38,1.78,0,,30.86,32.06,False,False
26-02-2026 11:00,EGPRO,26.98,27.46,26.7,27.4,230723.0,0.06,0.42,0.0,10400.0,0.42,149812.4,54.01,0.14,True,51.22,-0.03,-0.01,-0.02,2026-02-26,27.34,0.22,2,26.7,26.7,28.58,False,False
26-02-2026 10:00,SMART,30.3,32.86,30.3,32.86,3556690.0,0.0,2.56,0.27,848.15,2.56,603909.9,488.94,0.0,True,73.19,0.2,0.11,0.09,2026-02-26,29.88,9.97,1,32.86,29.0,ATH,False,False
26-02-2026 10:00,GESAN,46.02,46.8,45.9,46.62,868233.0,0.18,0.6,0.05,1204.35,0.6,455435.9,90.64,0.3,True,42.27,-0.56,-0.63,0.07,2026-02-26,45.92,1.52,0,,45.78,47.76,True,True
26-02-2026 10:00,GUBRF,513.5,531.0,510.0,529.5,782517.0,1.5,16.0,1.45,1003.45,16.0,218404.5,258.29,0.09,True,69.11,0.24,-1.31,1.55,2026-02-26,511.5,3.52,0,,505.5,538.5,False,False
26-02-2026 10:00,FRMPL,31.52,34.44,31.34,33.9,6242192.0,0.54,2.38,0.18,1207.69,2.38,1112607.2,461.04,0.23,True,58.82,-0.57,-0.66,0.08,2026-02-26,31.52,7.55,2,31.34,31.34,35.48,True,True
26-02-2026 10:00,DSTKF,1340.0,1429.0,1334.0,1412.0,492892.0,17.0,72.0,10.4,592.31,72.0,223023.4,121.0,0.24,True,56.01,0.35,10.22,-9.87,2026-02-26,1350.0,4.59,2,1334.0,1334.0,1531.0,False,False
26-02-2026 10:00,SASA,2.38,2.44,2.38,2.43,623360708.0,0.01,0.05,0.01,733.33,0.05,184351169.3,238.14,0.2,True,56.04,-0.01,-0.02,0.0,2026-02-26,2.37,2.53,0,,2.36,2.45,True,False
25-02-2026 17:00,SEKFK,9.75,10.06,9.64,10.06,487052.0,0.0,0.31,0.01,2284.62,0.31,185620.2,162.39,0.0,True,58.11,-0.03,-0.02,-0.01,2026-02-25,9.81,2.55,0,,9.61,10.34,False,False
25-02-2026 17:00,SAFKR,26.68,27.34,26.64,27.32,1555929.0,0.02,0.64,0.01,10566.67,0.64,494106.9,214.9,0.03,True,43.17,-0.44,-0.5,0.06,2026-02-25,27.12,0.74,0,,26.48,30.26,True,True
25-02-2026 17:00,GSRAY,1.33,1.36,1.32,1.36,156457266.0,0.0,0.03,0.0,900.0,0.03,49960472.0,213.16,0.0,True,64.61,0.01,0.01,0.0,2026-02-25,1.32,3.03,0,,1.3,1.37,False,False
25-02-2026 17:00,BLCYT,36.52,38.92,36.5,38.9,882141.0,0.02,2.38,0.19,1126.8,2.38,249731.2,253.24,0.01,True,67.96,0.01,-0.09,0.09,2026-02-25,37.04,5.02,0,,35.2,ATH,False,False
25-02-2026 17:00,LOGO,146.9,148.0,144.6,148.0,504001.0,0.0,1.1,0.01,10900.0,1.1,266021.1,89.46,0.0,True,42.02,-1.12,-1.12,0.0,2026-02-25,147.1,0.61,0,,ATL,156.5,True,True
25-02-2026 16:00,ARSAN,3.7,4.04,3.7,3.96,25211640.0,0.08,0.26,0.03,862.96,0.26,4816182.7,423.48,0.31,True,70.84,-0.0,-0.02,0.02,2026-02-25,3.68,7.61,0,,3.51,ATH,False,False
25-02-2026 16:00,GLYHO,16.19,16.36,16.17,16.34,1280168.0,0.02,0.15,0.03,417.24,0.15,562841.9,127.45,0.13,True,69.26,0.07,0.06,0.01,2026-02-25,16.03,1.93,0,,15.9,16.45,False,False
25-02-2026 16:00,YAPRK,14.8,15.5,14.62,15.5,6748188.75,0.0,0.7,0.09,646.84,0.7,1406138.31,379.91,0.0,True,72.97,0.02,-0.05,0.08,2026-02-25,14.44,7.34,0,,14.05,ATH,False,False
25-02-2026 16:00,VESTL,29.42,32.7,29.38,32.56,11250708.0,0.14,3.14,0.25,1156.0,3.14,1470282.6,665.21,0.04,True,76.21,0.01,-0.14,0.15,2026-02-25,29.86,9.04,1,32.7,29.3,32.7,True,True
25-02-2026 16:00,VESBE,8.0,8.91,7.99,8.7,19557672.0,0.21,0.7,0.06,1106.9,0.7,2613898.2,648.22,0.3,True,75.55,0.01,-0.02,0.03,2026-02-25,8.11,7.27,1,8.91,7.96,8.91,False,False
25-02-2026 16:00,MHRGY,3.5,3.79,3.5,3.76,5551053.0,0.03,0.26,0.03,862.96,0.26,954480.8,481.58,0.12,True,71.26,0.01,-0.0,0.02,2026-02-25,3.52,6.82,0,,3.46,ATH,False,False
25-02-2026 12:00,KARSN,10.72,11.18,10.71,11.14,12559126.0,0.04,0.42,0.01,8300.0,0.42,4045789.1,210.42,0.1,True,54.85,-0.04,-0.02,-0.02,2026-02-25,10.84,2.77,0,,10.55,11.81,False,False
25-02-2026 12:00,CEMAS,5.4,5.64,5.34,5.6,4228909.0,0.04,0.2,0.01,1328.57,0.2,1950889.5,116.77,0.2,True,48.41,-0.08,-0.08,0.0,2026-02-25,5.48,2.19,0,,5.3,6.05,True,True
25-02-2026 10:00,RNPOL,2.24,2.3,2.22,2.29,1420400.0,0.0,0.06,0.0,1900.0,0.06,352340.0,303.13,0.05,True,61.46,-0.0,-0.01,0.01,2026-02-25,2.24,2.59,0,,2.19,ATH,True,False
24-02-2026 17:00,KRDMD,31.6,32.64,31.58,32.46,33515209.0,0.18,0.86,0.06,1333.33,0.86,11133389.7,201.03,0.21,True,67.19,0.15,0.1,0.04,2026-02-24,32.06,1.25,0,,30.6,ATH,False,False
24-02-2026 17:00,TRCAS,49.04,50.0,48.86,50.0,226881.0,0.0,0.96,0.02,4700.0,0.96,94217.2,140.81,0.0,True,45.38,-0.45,-0.51,0.06,2026-02-24,50.0,0.0,0,,48.98,50.55,True,True
24-02-2026 17:00,KRVGD,3.2,3.24,3.18,3.23,4751400.0,0.01,0.03,0.01,400.0,0.03,1647385.1,188.42,0.33,True,59.78,0.01,0.01,0.0,2026-02-24,3.15,2.54,1,3.24,3.11,3.24,False,False
24-02-2026 17:00,SKTAS,3.54,3.59,3.53,3.58,1051460.0,0.01,0.04,0.0,1233.33,0.04,600920.0,74.98,0.25,True,46.54,-0.02,-0.03,0.0,2026-02-24,3.57,0.28,1,3.59,3.48,3.59,True,False
24-02-2026 17:00,CIMSA,53.4,54.0,53.25,53.95,1827945.0,0.05,0.55,0.03,2100.0,0.55,1089457.2,67.78,0.09,True,51.36,-0.05,-0.01,-0.04,2026-02-24,54.15,-0.37,0,,52.2,55.1,False,False
24-02-2026 17:00,MOBTL,11.39,11.53,11.37,11.51,1703117.0,0.02,0.12,0.02,531.58,0.12,640594.0,165.87,0.17,True,63.12,0.04,0.04,0.0,2026-02-24,11.41,0.88,0,,11.24,11.65,False,False
24-02-2026 16:00,BOSSA,7.09,7.5,7.09,7.41,1595770.0,0.09,0.32,0.03,869.7,0.32,385294.3,314.17,0.28,True,71.89,0.05,0.03,0.02,2026-02-24,7.16,3.49,0,,6.85,ATH,False,False
24-02-2026 15:00,ALVES,3.73,3.88,3.71,3.86,40158223.0,0.02,0.13,0.01,1525.0,0.13,14007263.7,186.7,0.15,True,59.92,0.0,0.0,0.0,2026-02-24,3.79,1.85,0,,3.67,3.95,False,False
24-02-2026 14:00,SOKM,68.05,69.1,67.85,68.9,637865.0,0.2,0.85,0.1,794.74,0.85,297808.0,114.19,0.24,True,57.74,-0.01,0.03,-0.04,2026-02-24,68.3,0.88,0,,67.35,70.2,False,False
24-02-2026 11:00,YKBNK,42.98,43.52,42.78,43.46,34075208.0,0.06,0.48,0.04,1042.86,0.48,16525633.2,106.2,0.13,True,64.72,0.35,0.32,0.03,2026-02-24,43.18,0.65,0,,42.56,ATH,False,False
24-02-2026 11:00,OZATD,184.0,189.3,183.9,188.8,1121365.0,0.5,4.8,0.49,879.59,4.8,299724.7,274.13,0.1,True,64.57,0.83,0.58,0.25,2026-02-24,183.5,2.89,1,189.3,181.0,189.3,False,False
24-02-2026 11:00,XBANK,20415.77,20623.28,20290.38,20599.82,218913064.0,23.46,184.05,17.22,968.82,184.05,133239665.8,64.3,0.13,True,67.44,147.03,124.23,22.8,2026-02-24,20411.53,0.92,0,,20196.64,ATH,False,False
24-02-2026 10:00,FZLGY,12.03,12.25,11.95,12.24,1369939.0,0.01,0.21,0.01,2233.33,0.21,830939.1,64.87,0.05,True,50.32,-0.02,-0.01,-0.01,2026-02-24,12.04,1.66,2,11.95,11.95,12.62,False,False
24-02-2026 10:00,ELITE,31.7,32.68,31.54,32.44,723427.0,0.24,0.74,0.02,4011.11,0.74,149210.6,384.84,0.32,True,60.44,0.1,0.04,0.06,2026-02-24,31.78,2.08,1,32.68,30.82,32.68,False,False
24-02-2026 10:00,OBAMS,8.41,8.66,8.29,8.66,12829867.0,0.0,0.25,0.02,1288.89,0.25,4347288.0,195.12,0.0,True,61.73,0.03,0.02,0.01,2026-02-24,8.39,3.22,2,8.29,8.29,ATH,False,False
23-02-2026 16:00,SILVR,2.73,2.75,2.71,2.75,638531.0,0.0,0.02,0.0,1900.0,0.02,293016.8,117.92,0.0,True,46.55,-0.01,-0.01,0.0,2026-02-23,2.74,0.36,0,,2.69,2.78,False,False
23-02-2026 16:00,VAKBN,41.64,42.16,41.56,42.1,5983204.0,0.06,0.46,0.09,389.36,0.46,3383958.2,76.81,0.13,True,69.95,0.25,0.14,0.1,2026-02-23,41.1,2.43,0,,40.06,ATH,False,False
23-02-2026 15:00,ULUFA,4.14,4.18,4.12,4.17,1700991.0,0.01,0.03,0.0,650.0,0.03,943223.9,80.34,0.33,True,57.27,0.01,-0.0,0.01,2026-02-23,4.08,2.21,0,,3.92,ATH,False,False
23-02-2026 15:00,TRMET,159.7,163.0,159.6,162.5,1527818.0,0.5,2.8,0.61,359.02,2.8,877294.9,74.15,0.18,True,83.73,1.85,1.27,0.58,2026-02-23,156.0,4.17,0,,150.3,ATH,False,False
23-02-2026 12:00,ASTOR,188.5,192.1,187.8,192.0,6945837.0,0.1,3.5,0.66,430.3,3.5,3449868.0,101.34,0.03,True,73.95,1.05,0.23,0.82,2026-02-23,184.5,4.07,0,,ATL,ATH,False,False
23-02-2026 11:00,AGHOL,35.1,35.66,35.02,35.66,695370.0,0.0,0.56,0.1,449.02,0.56,347020.3,100.38,0.0,True,66.26,0.05,-0.06,0.11,2026-02-23,35.0,1.89,0,,34.18,ATH,False,False
23-02-2026 10:00,GOZDE,26.3,27.1,26.3,27.04,614855.0,0.06,0.74,0.11,560.71,0.74,346815.1,77.29,0.08,True,64.44,-0.03,-0.14,0.12,2026-02-23,26.04,3.84,0,,25.34,ATH,False,False
23-02-2026 10:00,PNSUT,11.9,12.15,11.87,12.08,576490.0,0.07,0.18,0.01,1900.0,0.18,187082.8,208.15,0.39,True,47.84,-0.04,-0.05,0.01,2026-02-23,11.97,0.92,0,,11.81,ATH,False,False
23-02-2026 10:00,INDES,8.3,8.62,8.29,8.58,1736536.0,0.04,0.28,0.03,775.0,0.28,461184.8,276.54,0.14,True,66.42,-0.0,-0.03,0.03,2026-02-23,8.27,3.75,0,,8.17,ATH,False,False
23-02-2026 10:00,VRGYO,2.46,2.53,2.46,2.52,3930839.0,0.01,0.06,0.0,2900.0,0.06,1588916.9,147.39,0.17,True,54.08,-0.01,-0.02,0.0,2026-02-23,2.45,2.86,1,2.53,2.44,2.53,False,False
23-02-2026 10:00,AYEN,28.38,29.16,28.38,29.1,473075.0,0.06,0.72,0.04,1536.36,0.72,126254.2,274.7,0.08,True,47.13,-0.21,-0.27,0.06,2026-02-23,28.28,2.9,0,,28.02,ATH,False,False
23-02-2026 10:00,ENJSA,107.8,109.9,107.7,109.6,1033237.0,0.3,1.8,0.21,757.14,1.8,237657.3,334.76,0.17,True,57.78,-0.21,-0.4,0.19,2026-02-23,107.5,1.95,0,,106.1,ATH,False,False
23-02-2026 10:00,OYYAT,62.45,66.4,62.05,66.2,462975.0,0.2,3.75,0.35,956.34,3.75,81004.6,471.54,0.05,True,70.54,0.25,-0.13,0.37,2026-02-23,61.8,7.12,0,,59.4,ATH,False,False
23-02-2026 10:00,VAKKO,74.2,79.5,74.15,79.5,459211.0,0.0,5.3,0.67,691.04,5.3,129426.4,254.8,0.0,True,74.75,0.53,-0.05,0.57,2026-02-23,72.3,9.96,0,,69.0,ATH,False,False
23-02-2026 10:00,BRLSM,15.6,16.47,15.58,16.46,2936329.0,0.01,0.86,0.09,911.76,0.86,521580.8,462.97,0.01,True,69.45,0.02,-0.08,0.1,2026-02-23,15.21,8.22,0,,15.04,ATH,False,False
23-02-2026 10:00,DITAS,47.16,48.38,47.16,48.2,283846.0,0.18,1.04,0.1,900.0,1.04,137855.2,105.9,0.17,True,64.99,0.26,0.15,0.11,2026-02-23,46.9,2.77,0,,44.6,ATH,False,False
23-02-2026 10:00,DMLKT,5.82,5.89,5.81,5.87,5380802.0,0.02,0.05,0.0,1566.67,0.05,1180049.0,355.98,0.4,True,75.43,0.0,-0.0,0.0,2026-02-23,5.8,1.21,1,5.89,5.79,5.89,False,False
23-02-2026 10:00,BUCIM,6.84,6.9,6.84,6.89,2922365.0,0.01,0.05,0.01,400.0,0.05,778036.5,275.61,0.2,True,57.32,-0.01,-0.03,0.02,2026-02-23,6.79,1.47,0,,6.69,ATH,False,False
23-02-2026 10:00,KLRHO,440.5,470.0,440.25,468.0,938052.0,2.0,27.5,0.2,13650.0,27.5,397021.0,136.27,0.07,True,49.15,-8.49,-9.96,1.47,2026-02-23,439.5,6.48,0,,430.0,482.75,False,False
23-02-2026 10:00,MARBL,12.95,13.25,12.95,13.21,712167.0,0.04,0.26,0.02,1200.0,0.26,215231.1,230.88,0.15,True,57.49,-0.03,-0.08,0.04,2026-02-23,12.85,2.8,1,13.25,12.65,13.25,False,False
20-02-2026 17:00,FORTE,90.7,92.75,90.0,92.55,398784.0,0.2,1.85,0.41,351.22,1.85,158782.2,151.15,0.11,True,56.78,-0.42,-0.67,0.25,2026-02-20,88.65,4.4,0,,87.85,ATH,False,False
20-02-2026 17:00,TURSG,12.06,12.2,12.04,12.18,4298933.0,0.02,0.12,0.01,1233.33,0.12,2340112.0,83.71,0.17,True,49.25,-0.03,-0.05,0.02,2026-02-20,12.11,0.58,0,,11.79,ATH,False,False
20-02-2026 17:00,EKOS,6.36,6.65,6.32,6.65,9637143.0,0.0,0.29,0.06,400.0,0.29,4125326.7,133.61,0.0,True,65.84,0.02,-0.01,0.03,2026-02-20,6.05,9.92,0,,6.0,ATH,False,False
20-02-2026 17:00,TRALT,56.0,57.2,55.95,56.95,18626921.0,0.25,0.95,0.17,475.76,0.95,7906094.2,135.6,0.26,True,71.39,0.18,0.02,0.16,2026-02-20,54.8,3.92,0,,54.2,ATH,False,False
20-02-2026 17:00,MNDTR,6.79,6.95,6.78,6.94,827907.0,0.01,0.15,0.01,1566.67,0.15,233271.6,254.91,0.07,True,60.25,-0.0,-0.01,0.01,2026-02-20,6.82,1.76,0,,ATL,ATH,False,False
20-02-2026 15:00,BOBET,22.1,22.68,22.06,22.52,1000637.0,0.16,0.42,0.02,1650.0,0.42,439987.3,127.42,0.38,True,47.81,-0.07,-0.11,0.03,2026-02-20,21.92,2.74,1,22.68,21.82,22.68,False,False
20-02-2026 15:00,MEYSU,12.42,13.59,12.37,13.58,11857625.0,0.01,1.16,0.03,3214.29,1.16,4222534.8,180.82,0.01,True,60.41,-0.06,-0.09,0.03,2026-02-20,12.66,7.27,2,12.37,12.37,ATH,False,False
20-02-2026 13:00,ALKLC,261.25,276.75,255.75,274.5,1834531.0,2.25,13.25,1.65,703.03,13.25,316646.7,479.36,0.17,True,81.7,2.13,0.91,1.23,2026-02-20,256.25,7.12,0,,ATL,ATH,False,False
20-02-2026 11:00,SKBNK,11.19,11.55,11.16,11.51,10511662.0,0.04,0.32,0.02,1291.3,0.32,4376450.8,140.19,0.13,True,70.57,0.0,-0.01,0.01,2026-02-20,11.12,3.51,0,,ATL,ATH,False,False
20-02-2026 11:00,OBASE,40.92,45.1,40.58,45.1,1310954.0,0.0,4.18,0.37,1023.66,4.18,206371.6,535.24,0.0,True,83.09,0.27,0.06,0.21,2026-02-20,41.0,10.0,1,45.1,ATL,ATH,False,False
20-02-2026 10:00,LMKDC,30.1,31.14,30.0,30.9,1626237.0,0.24,0.8,0.02,4900.0,0.8,729045.1,123.06,0.3,True,53.15,-0.08,-0.12,0.04,2026-02-20,30.0,3.0,0,,29.72,ATH,False,False
