Tarih,Hisse,open,high,low,close,volume,YuksekKapanis_Fark,AcilisKapanis_Fark,AcilisKapanisFark_Ort,AcilisKapanisFark_OrtalamayaGoreDegisim,AcilisKapanisFarkOrt_MaxSon10,HacimOrtalama,%Hacim_HacimOrtalama,Fark_Orani,Kosul,rsi,MACD_12_26_9,MACDs_12_26_9,MACDh_12_26_9,Tarih1,prev_close,%Deg,isPivot,pointpos,direnc,destek,Tsinyal_Banker_Dip,Tsinyal_Banker_DipKarar
29-09-2026 07:00,EUYO,3.55,3.85,3.5,3.81,661761.0,0.04,0.26,0.03,940.0,0.26,104192.3,535.13,0.15,True,64.46,-0.03,-0.05,0.02,2026-09-29,3.5,8.86,0,,3.9,3.6,False,False
29-09-2026 07:00,PAHOL,0.83,0.87,0.82,0.86,107925150.0,0.01,0.03,0.0,650.0,0.03,19419594.4,455.75,0.33,True,31.34,-0.04,-0.03,-0.0,2026-09-29,0.87,-1.15,0,,1.06,ATL,False,False
29-09-2026 07:00,PRDGS,3.71,4.04,3.64,3.99,1829140.0,0.05,0.28,0.05,428.3,0.28,809440.4,125.98,0.18,True,49.89,-0.04,-0.05,0.0,2026-09-29,4.04,-1.24,0,,4.1,3.78,False,False
29-09-2026 07:00,HUNER,4.47,4.56,4.45,4.54,19926062.0,0.02,0.07,0.02,268.42,0.07,9366147.0,112.75,0.29,True,73.9,0.08,0.07,0.01,2026-09-29,4.4,3.18,0,,ATH,3.99,False,False
29-09-2026 07:00,MARMR,1.53,1.58,1.53,1.58,8367093.0,0.0,0.05,0.0,2400.0,0.05,4096718.4,104.24,0.0,True,63.02,-0.02,-0.03,0.01,2026-09-29,1.44,9.72,0,,1.66,1.51,False,False
29-09-2026 07:00,VESTL,18.91,19.47,18.74,19.41,3151904.0,0.06,0.5,0.0,9900.0,0.5,1037073.6,203.92,0.12,True,36.14,-0.64,-0.67,0.02,2026-09-29,18.91,2.64,0,,22.9,ATL,True,True
29-09-2026 07:00,HEKTS,2.1,2.12,2.07,2.12,51980502.0,0.0,0.02,0.0,1900.0,0.02,19473003.8,166.94,0.0,True,45.82,-0.03,-0.04,0.01,2026-09-29,2.08,1.92,0,,2.33,ATL,True,False
29-09-2026 07:00,AKFGY,2.39,2.49,2.37,2.49,8367701.0,0.0,0.1,0.01,1150.0,0.1,2569508.5,225.65,0.0,True,64.09,-0.01,-0.02,0.01,2026-09-29,2.39,4.18,0,,2.55,2.32,True,True
29-09-2026 07:00,GMTAS,45.9,49.1,45.86,48.68,1723807.0,0.42,2.78,0.0,69400.0,2.78,397773.1,333.36,0.15,True,55.52,-0.44,-0.31,-0.13,2026-09-29,46.1,5.6,0,,53.05,45.94,False,False
29-09-2026 07:00,SKYMD,17.4,18.18,17.3,18.07,2079464.0,0.11,0.67,0.13,415.38,0.67,809452.3,156.9,0.16,True,71.93,0.45,0.41,0.04,2026-09-29,17.4,3.85,0,,ATH,15.16,False,False
29-09-2026 07:00,DMSAS,5.84,6.23,5.7,6.14,1956317.0,0.09,0.3,0.02,1204.35,0.3,443039.8,341.57,0.3,True,65.37,0.07,0.06,0.01,2026-09-29,5.81,5.68,0,,6.15,4.97,False,False
29-09-2026 07:00,ADESE,0.63,0.65,0.63,0.65,32842767.0,0.0,0.02,0.0,566.67,0.02,11690888.8,180.93,0.0,True,34.3,-0.02,-0.02,-0.0,2026-09-29,0.64,1.56,0,,0.7,0.64,False,False
28-09-2026 14:00,METRO,6.58,6.92,6.57,6.89,1811135.0,0.03,0.31,0.01,3775.0,0.31,553088.1,227.46,0.1,True,61.31,0.01,-0.01,0.01,2026-09-28,6.83,0.88,0,,6.9,6.44,False,False
28-09-2026 14:00,KLYPV,50.1,54.6,49.16,54.5,739295.0,0.1,4.4,0.21,1965.73,4.4,217645.0,239.68,0.02,True,61.38,-0.9,-1.04,0.14,2026-09-28,53.15,2.54,0,,57.95,50.75,True,True
28-09-2026 14:00,BIOEN,9.18,11.22,9.18,10.86,19189673.0,0.36,1.68,0.14,1126.28,1.68,2614669.9,633.92,0.21,True,63.0,-0.33,-0.43,0.1,2026-09-28,10.2,6.47,0,,11.85,9.18,True,True
28-09-2026 14:00,KFEIN,5.93,6.27,5.9,6.27,1233200.0,0.0,0.34,0.01,3677.78,0.34,425673.6,189.71,0.0,True,58.13,-0.08,-0.09,0.01,2026-09-28,6.27,0.0,0,,6.37,5.8,True,True
28-09-2026 14:00,KRSTL,7.63,8.03,7.55,7.96,3230764.0,0.07,0.33,0.02,1962.5,0.33,667809.2,383.79,0.21,True,60.56,-0.08,-0.09,0.01,2026-09-28,7.86,1.27,0,,8.17,7.74,True,True
28-09-2026 13:00,HALKB,43.76,46.74,43.66,46.66,10920450.0,0.08,2.9,0.25,1069.35,2.9,2547992.8,328.59,0.03,True,67.62,-0.39,-0.55,0.15,2026-09-28,44.9,3.92,0,,48.32,46.1,True,True
28-09-2026 13:00,VAKBN,33.34,34.14,33.28,34.1,6029053.0,0.04,0.76,0.05,1361.54,0.76,3387629.5,77.97,0.05,True,58.18,-0.16,-0.17,0.02,2026-09-28,33.8,0.89,0,,34.54,32.8,False,False
28-09-2026 13:00,ARCLK,85.2,87.15,85.2,86.8,439233.0,0.35,1.6,0.19,742.11,1.6,202973.7,116.4,0.22,True,56.71,-0.52,-0.62,0.1,2026-09-28,85.8,1.17,0,,89.25,84.45,True,False
28-09-2026 13:00,BULGS,13.54,14.54,13.49,14.46,2281759.0,0.08,0.92,0.04,2200.0,0.92,1008862.3,126.17,0.09,True,55.08,-0.39,-0.58,0.19,2026-09-28,13.69,5.62,0,,18.0,12.35,True,False
28-09-2026 13:00,MTRKS,20.74,22.3,20.62,22.2,440814.0,0.1,1.46,0.01,10328.57,1.46,139539.4,215.91,0.07,True,53.76,-0.39,-0.37,-0.02,2026-09-28,22.12,0.36,0,,24.5,21.94,True,True
28-09-2026 13:00,AKSEN,68.45,70.5,67.95,70.5,1878696.0,0.0,2.05,0.12,1540.0,2.05,951845.7,97.37,0.0,True,55.94,-0.4,-0.22,-0.18,2026-09-28,72.0,-2.08,0,,72.45,68.6,False,False
28-09-2026 13:00,MOGAN,8.82,9.13,8.65,9.13,4091727.0,0.0,0.31,0.03,811.76,0.31,1514039.3,170.25,0.0,True,53.69,-0.03,-0.02,-0.01,2026-09-28,9.18,-0.54,0,,9.58,8.79,False,False
28-09-2026 12:00,ANSGR,24.02,24.34,24.0,24.34,581842.0,0.0,0.32,0.01,3900.0,0.32,296458.1,96.26,0.0,True,34.04,-0.43,-0.39,-0.04,2026-09-28,24.84,-2.01,0,,27.1,23.8,True,True
28-09-2026 12:00,CEMTS,7.71,7.85,7.68,7.84,680284.0,0.01,0.13,0.0,6400.0,0.13,162857.7,317.72,0.08,True,46.16,-0.05,-0.04,-0.02,2026-09-28,8.0,-2.0,0,,8.05,7.75,False,False
28-09-2026 12:00,GRTHO,118.4,123.8,117.7,123.1,411900.0,0.7,4.7,0.69,581.16,4.7,265321.2,55.25,0.15,True,64.16,0.11,-1.38,1.49,2026-09-28,116.1,6.03,0,,123.8,105.8,False,False
28-09-2026 12:00,MERIT,13.6,13.99,13.59,13.91,505779.0,0.08,0.31,0.0,10233.33,0.31,148495.4,240.6,0.26,True,46.35,-0.17,-0.16,-0.01,2026-09-28,14.03,-0.86,0,,14.8,13.44,True,True
28-09-2026 12:00,TURSG,5.41,5.76,5.37,5.72,67214055.0,0.04,0.31,0.0,6100.0,0.31,20698585.2,224.73,0.13,True,46.71,-0.13,-0.11,-0.02,2026-09-28,5.89,-2.89,0,,6.02,5.31,True,True
28-09-2026 09:00,FLAP,11.94,12.2,11.93,12.13,160639.0,0.07,0.19,0.03,660.0,0.19,61105.0,162.89,0.37,True,51.98,0.0,0.02,-0.01,2026-09-28,12.2,-0.57,0,,12.42,11.81,False,False
28-09-2026 09:00,TRGYO,90.1,90.6,89.8,90.5,124640.0,0.1,0.4,0.08,433.33,0.4,76172.4,63.63,0.25,True,39.57,-0.51,-0.45,-0.06,2026-09-28,91.2,-0.77,0,,93.35,89.2,False,False
28-09-2026 08:00,KGYO,8.89,9.14,8.89,9.11,2037421.0,0.03,0.22,0.03,566.67,0.22,1142583.8,78.32,0.14,True,65.32,0.04,-0.12,0.16,2026-09-28,8.52,6.92,0,,9.37,6.98,False,False
28-09-2026 07:00,EFOR,13.54,14.54,13.54,14.39,16470732.0,0.15,0.85,0.1,741.58,0.85,7976497.6,106.49,0.18,True,56.53,-0.17,-0.36,0.19,2026-09-28,13.92,3.38,0,,19.67,13.52,False,False
28-09-2026 07:00,ETILR,6.87,7.37,6.86,7.29,9843987.0,0.08,0.42,0.08,452.63,0.42,2086284.0,371.84,0.19,True,80.11,0.22,0.16,0.05,2026-09-28,6.73,8.32,0,,ATH,6.12,False,False
28-09-2026 07:00,CITAS,102.4,112.5,102.4,112.5,3096935.0,0.0,10.1,1.47,584.75,10.1,697669.8,343.9,0.0,True,82.15,3.78,2.25,1.53,2026-09-28,102.3,9.97,1,112.5,116.0,76.15,False,False
25-09-2026 14:00,NUGYO,7.58,7.75,7.58,7.73,406540.0,0.02,0.15,0.01,1263.64,0.15,122405.1,232.13,0.13,True,49.76,-0.08,-0.09,0.01,2026-09-25,7.63,1.31,1,7.75,7.75,7.51,True,True
25-09-2026 14:00,DZGYO,6.64,6.77,6.62,6.77,729833.0,0.0,0.13,0.01,1757.14,0.13,166923.9,337.22,0.0,True,54.72,-0.03,-0.04,0.01,2026-09-25,6.7,1.04,0,,6.94,6.54,False,False
25-09-2026 14:00,DERHL,1.58,1.6,1.58,1.6,1263127.0,0.0,0.02,0.01,233.33,0.02,727470.3,73.63,0.0,True,48.91,-0.02,-0.03,0.01,2026-09-25,1.55,3.23,0,,1.71,1.55,True,False
25-09-2026 14:00,GENIL,6.86,7.42,6.86,7.38,21064622.0,0.04,0.52,0.06,781.36,0.52,4532411.8,364.76,0.08,True,67.7,-0.01,-0.11,0.1,2026-09-25,6.75,9.33,1,7.42,7.42,6.07,False,False
25-09-2026 14:00,TUCLK,4.19,4.37,4.17,4.37,9298443.0,0.0,0.18,0.04,400.0,0.18,2239312.2,315.24,0.0,True,70.14,0.09,0.08,0.02,2026-09-25,3.98,9.8,0,,ATH,3.96,False,False
25-09-2026 14:00,GEREL,27.26,29.22,27.24,29.1,2059852.0,0.12,1.84,0.25,647.97,1.84,848527.1,142.76,0.07,True,69.83,0.61,0.42,0.18,2026-09-25,26.6,9.4,0,,ATH,24.8,False,False
25-09-2026 14:00,RNPOL,1.99,2.09,1.97,2.09,2018181.0,0.0,0.1,0.01,900.0,0.1,310486.2,550.01,0.0,True,66.88,0.01,-0.0,0.01,2026-09-25,1.99,5.03,1,2.09,2.2,1.86,False,False
25-09-2026 14:00,KNFRT,10.56,10.78,10.52,10.78,499588.0,0.0,0.22,0.02,780.0,0.22,197372.3,153.12,0.0,True,51.29,-0.06,-0.06,0.0,2026-09-25,10.41,3.55,1,10.78,11.39,10.41,False,False
25-09-2026 14:00,POLHO,19.32,19.95,19.31,19.95,664598.0,0.0,0.63,0.11,500.0,0.63,128662.8,416.54,0.0,True,70.7,0.15,0.06,0.08,2026-09-25,18.8,6.12,0,,21.56,18.53,False,False
25-09-2026 14:00,YESIL,0.89,0.9,0.88,0.9,3125786.0,0.0,0.01,0.0,400.0,0.01,1180001.8,164.9,0.0,True,40.35,-0.01,-0.01,0.0,2026-09-25,0.89,1.12,0,,0.97,ATL,True,False
25-09-2026 14:00,ARSAN,3.65,3.69,3.65,3.69,1830212.0,0.0,0.04,0.0,3900.0,0.04,879321.3,108.14,0.0,True,50.54,-0.01,-0.01,-0.0,2026-09-25,3.66,0.82,0,,3.9,3.3,False,False
25-09-2026 14:00,VEYAS,86.55,88.5,86.5,88.35,244131.0,0.15,1.8,0.38,373.68,1.8,115885.2,110.67,0.08,True,58.89,0.23,-0.11,0.34,2026-09-25,84.85,4.12,0,,89.2,82.7,False,False
25-09-2026 14:00,GSDDE,12.32,12.45,12.32,12.44,573106.0,0.01,0.12,0.03,300.0,0.12,254175.6,125.48,0.08,True,57.58,-0.04,-0.08,0.04,2026-09-25,12.06,3.15,0,,12.83,11.98,False,False
25-09-2026 14:00,GSDHO,4.07,4.23,4.07,4.19,11050742.0,0.04,0.12,0.02,650.0,0.12,3230818.8,242.04,0.33,True,65.34,-0.01,-0.03,0.02,2026-09-25,4.04,3.71,1,4.23,4.23,3.91,False,False
25-09-2026 14:00,ARZUM,1.21,1.25,1.21,1.24,2396466.0,0.01,0.03,0.01,500.0,0.03,813303.6,194.66,0.33,True,58.12,-0.01,-0.01,0.01,2026-09-25,1.19,4.2,1,1.25,1.25,1.19,True,False
25-09-2026 13:00,MAKIM,12.95,14.02,12.93,14.02,696481.0,0.0,1.07,0.14,669.78,1.07,113111.4,515.75,0.0,True,75.77,0.13,0.05,0.08,2026-09-25,12.75,9.96,0,,14.39,12.15,False,False
25-09-2026 13:00,RYGYO,48.86,50.5,48.74,50.25,430302.0,0.25,1.39,0.07,1914.49,1.39,145227.3,196.3,0.18,True,60.93,0.18,0.25,-0.06,2026-09-25,49.26,2.01,1,50.5,50.5,48.42,False,False
25-09-2026 13:00,TATGD,16.56,16.9,16.52,16.81,402358.0,0.09,0.25,0.01,2677.78,0.25,114714.9,250.75,0.36,True,53.47,-0.04,-0.03,-0.01,2026-09-25,16.7,0.66,1,16.9,16.9,15.86,False,False
25-09-2026 12:00,ONCSM,84.1,89.1,84.1,89.1,456559.0,0.0,5.0,0.72,599.3,5.0,202482.2,125.48,0.0,True,55.63,-1.92,-3.22,1.3,2026-09-25,81.0,10.0,0,,104.1,79.5,True,False
25-09-2026 12:00,MIATK,26.12,27.28,26.12,27.28,5818691.0,0.0,1.16,0.2,480.0,1.16,3672976.8,58.42,0.0,True,80.07,1.0,0.77,0.23,2026-09-25,24.8,10.0,0,,28.1,18.47,False,False
25-09-2026 12:00,TNZTP,27.36,29.08,27.36,28.94,1483992.0,0.14,1.58,0.09,1617.39,1.58,252475.7,487.78,0.09,True,61.41,-0.15,-0.19,0.04,2026-09-25,27.44,5.47,1,29.08,29.08,27.3,False,False
25-09-2026 12:00,SMRTG,5.09,5.34,5.09,5.27,14170713.0,0.07,0.18,0.06,215.79,0.18,7618062.3,86.01,0.39,True,55.07,-0.12,-0.16,0.05,2026-09-25,4.9,7.55,0,,5.74,4.67,True,False
25-09-2026 12:00,ORZAX,76.1,77.65,76.05,77.6,246742.0,0.05,1.5,0.11,1204.35,1.5,134968.2,82.81,0.03,True,63.54,-0.06,-0.15,0.09,2026-09-25,74.3,4.44,1,77.65,77.65,73.4,False,False
25-09-2026 12:00,KORDS,3.04,3.09,3.03,3.09,2315101.0,0.0,0.05,0.01,455.56,0.05,1418428.1,63.22,0.0,True,56.79,-0.02,-0.03,0.01,2026-09-25,2.99,3.34,0,,3.22,2.98,True,True
25-09-2026 12:00,INDES,10.56,10.74,10.56,10.7,608834.0,0.04,0.14,0.02,775.0,0.14,247601.9,145.89,0.29,True,56.41,-0.04,-0.05,0.02,2026-09-25,10.36,3.28,1,10.74,10.74,10.36,False,False
25-09-2026 12:00,VRGYO,1.14,1.22,1.14,1.22,7748908.0,0.0,0.08,0.01,900.0,0.08,2510589.0,208.65,0.0,True,55.59,-0.01,-0.02,0.01,2026-09-25,1.15,6.09,2,1.14,1.24,1.14,False,False
25-09-2026 11:00,BJKAS,1.65,1.75,1.65,1.74,66065059.0,0.01,0.09,0.01,650.0,0.09,29779715.2,121.85,0.11,True,57.31,-0.03,-0.04,0.01,2026-09-25,1.62,7.41,1,1.75,1.75,1.58,False,False
25-09-2026 11:00,LXGYO,6.64,7.1,6.63,7.06,2605767.0,0.04,0.42,0.06,636.84,0.42,660006.9,294.81,0.1,True,61.99,-0.04,-0.06,0.02,2026-09-25,6.61,6.81,0,,7.32,6.52,False,False
25-09-2026 11:00,AZTEK,3.37,3.56,3.36,3.54,1387944.0,0.02,0.17,0.02,750.0,0.17,442819.7,213.43,0.12,True,55.21,-0.06,-0.08,0.02,2026-09-25,3.36,5.36,0,,4.28,3.31,True,False
25-09-2026 11:00,ENJSA,107.0,107.9,106.6,107.7,343180.0,0.2,0.7,0.09,677.78,0.7,184556.7,85.95,0.29,True,47.78,-0.56,-0.52,-0.04,2026-09-25,105.9,1.7,0,,111.0,105.9,False,False
25-09-2026 10:00,KOCMT,2.9,3.2,2.9,3.16,32807005.0,0.04,0.26,0.02,1081.82,0.26,15870347.3,106.72,0.15,True,66.84,0.07,0.05,0.02,2026-09-25,3.03,4.29,1,3.2,3.2,2.31,False,False
25-09-2026 10:00,LKMNH,12.05,12.23,12.05,12.23,293099.0,0.0,0.18,0.04,386.49,0.18,170280.9,72.13,0.0,True,59.69,-0.06,-0.09,0.03,2026-09-25,11.69,4.62,0,,12.34,11.67,False,False
25-09-2026 10:00,ULUFA,1.5,1.51,1.49,1.51,1855793.0,0.0,0.01,0.0,233.33,0.01,1194826.2,55.32,0.0,True,54.99,0.0,0.0,-0.0,2026-09-25,1.51,0.0,0,,1.53,1.49,False,False
25-09-2026 10:00,NETCD,90.1,92.65,89.8,92.2,896164.0,0.45,2.1,0.49,328.57,2.1,309635.9,189.43,0.21,True,62.38,-0.38,-0.95,0.57,2026-09-25,86.25,6.9,0,,93.7,85.85,False,False
25-09-2026 10:00,IHYAY,1.04,1.05,1.04,1.05,635263.0,0.0,0.01,0.0,400.0,0.01,256160.7,147.99,0.0,True,48.48,-0.01,-0.01,0.0,2026-09-25,1.03,1.94,0,,1.12,1.01,False,False
25-09-2026 09:00,EMPAE,47.94,50.4,47.44,50.15,1570104.0,0.25,2.21,0.26,753.28,2.21,438984.4,257.67,0.11,True,58.04,-0.79,-1.03,0.24,2026-09-25,47.02,6.66,0,,54.35,46.86,True,False
25-09-2026 08:00,CATES,31.74,33.5,31.7,33.2,742879.0,0.3,1.46,0.13,1040.63,1.46,355829.8,108.77,0.21,True,42.99,-1.56,-1.9,0.34,2026-09-25,31.0,7.1,0,,37.26,30.98,True,False
25-09-2026 08:00,TOASO,282.75,288.75,281.5,288.5,785897.0,0.25,5.75,0.22,2455.56,5.75,282524.1,178.17,0.04,True,61.39,0.09,-0.51,0.6,2026-09-25,279.5,3.22,0,,290.75,277.75,False,False
25-09-2026 08:00,DMRGD,9.47,10.3,9.42,10.07,26679118.0,0.23,0.6,0.12,412.82,0.6,13089064.7,103.83,0.38,True,65.51,0.11,-0.0,0.12,2026-09-25,9.43,6.79,0,,12.4,8.13,False,False
25-09-2026 07:00,KRDMB,75.0,78.85,73.9,78.05,1943266.0,0.8,3.05,0.59,416.95,3.05,751535.7,158.57,0.26,True,66.1,0.14,-1.34,1.48,2026-09-25,71.7,8.86,1,78.85,78.85,63.6,False,False
25-09-2026 07:00,UNLU,14.71,15.72,14.41,15.51,10831746.0,0.21,0.8,0.11,601.75,0.8,2613441.4,314.46,0.26,True,76.01,0.55,0.48,0.07,2026-09-25,14.69,5.58,0,,ATH,10.2,False,False
25-09-2026 07:00,ZGYO,16.38,17.57,16.21,17.24,3270702.0,0.33,0.86,0.21,319.51,0.86,1431848.8,128.43,0.38,True,73.86,0.48,0.25,0.22,2026-09-25,16.21,6.35,0,,19.35,12.22,False,False
25-09-2026 07:00,GIPTA,29.54,35.0,29.54,33.84,9580316.0,1.16,4.3,0.43,900.0,4.3,967373.6,890.34,0.27,True,40.04,-2.38,-2.66,0.28,2026-09-25,32.82,3.11,3,,36.46,29.54,True,True
25-09-2026 07:00,KUYAS,31.52,36.76,31.52,36.68,11968099.0,0.08,5.16,0.53,873.58,5.16,3484734.2,243.44,0.02,True,49.66,-2.12,-2.6,0.48,2026-09-25,33.42,9.75,1,36.76,36.76,31.5,True,True
25-09-2026 07:00,BSOKE,8.46,9.58,8.46,9.28,19959289.0,0.3,0.82,0.08,900.0,0.82,2022950.2,886.64,0.37,True,33.19,-0.73,-0.78,0.05,2026-09-25,9.4,-1.28,2,8.46,11.6,8.46,True,True
25-09-2026 07:00,AKHAN,25.28,27.64,25.14,27.64,892690.0,0.0,2.36,0.21,1034.62,2.36,351008.0,154.32,0.0,True,62.34,-0.33,-0.48,0.15,2026-09-25,25.14,9.94,1,27.64,28.0,23.6,False,False
25-09-2026 07:00,TATEN,4.84,5.03,4.84,4.98,2737182.0,0.05,0.14,0.01,1900.0,0.14,1187238.7,130.55,0.36,True,50.02,-0.06,-0.07,0.01,2026-09-25,4.84,2.89,0,,5.4,4.8,False,False
25-09-2026 07:00,ISKPL,3.03,3.44,3.0,3.4,49337895.0,0.04,0.37,0.04,900.0,0.37,8849728.2,457.51,0.11,True,47.33,-0.2,-0.24,0.04,2026-09-25,3.13,8.63,3,,3.47,3.13,True,True
25-09-2026 07:00,HDFGS,0.92,1.07,0.92,1.03,124678929.0,0.04,0.11,0.01,900.0,0.11,12568986.2,891.96,0.36,True,36.14,-0.07,-0.08,0.01,2026-09-25,1.02,0.98,3,,1.13,0.92,True,True
25-09-2026 07:00,ECOGR,30.0,30.84,30.0,30.74,371203.0,0.1,0.74,0.07,927.78,0.74,203493.4,82.42,0.14,True,50.76,-0.35,-0.39,0.04,2026-09-25,30.18,1.86,0,,32.2,29.52,False,False
25-09-2026 07:00,FONET,4.05,4.33,4.05,4.29,5907397.0,0.04,0.24,0.01,3900.0,0.24,1400095.1,321.93,0.17,True,60.7,-0.01,-0.0,-0.01,2026-09-25,4.04,6.19,0,,4.4,4.04,False,False
25-09-2026 07:00,IDGYO,2.24,2.37,2.17,2.35,1127597.0,0.02,0.11,0.02,547.06,0.11,186428.2,504.84,0.18,True,54.39,-0.03,-0.04,0.01,2026-09-25,2.25,4.44,2,2.17,2.51,2.17,True,False
24-09-2026 14:00,SUWEN,4.71,5.32,4.66,5.22,3511888.0,0.1,0.51,0.01,5566.67,0.51,779570.5,350.49,0.2,True,53.14,-0.16,-0.17,0.01,2026-09-24,5.16,1.16,2,4.66,5.47,4.66,True,True
24-09-2026 14:00,ENTRA,4.13,4.24,4.13,4.21,7080405.0,0.03,0.08,0.01,1233.33,0.08,1463284.8,383.87,0.38,True,67.4,0.03,0.03,-0.0,2026-09-24,4.15,1.45,1,4.24,4.24,4.09,False,False
24-09-2026 14:00,KRONT,19.3,20.58,19.04,20.28,436800.0,0.3,0.98,0.13,636.84,0.98,142012.7,207.58,0.31,True,68.0,0.01,-0.06,0.07,2026-09-24,18.88,7.42,1,20.58,20.58,18.74,False,False
24-09-2026 13:00,EPLAS,5.23,5.65,5.22,5.59,2460293.0,0.06,0.36,0.02,1700.0,0.36,487417.1,404.76,0.17,True,62.05,-0.04,-0.05,0.01,2026-09-24,5.38,3.9,0,,5.61,5.19,False,False
24-09-2026 13:00,CVKMD,13.15,14.33,13.05,14.23,26892695.0,0.1,1.08,0.06,1700.0,1.08,4858342.7,453.54,0.09,True,61.81,-0.08,-0.05,-0.03,2026-09-24,13.8,3.12,0,,14.35,13.02,False,False
24-09-2026 12:00,BORSK,5.56,5.87,5.55,5.79,3631154.0,0.08,0.23,0.01,1990.91,0.23,691224.6,425.32,0.35,True,61.92,-0.01,-0.02,0.0,2026-09-24,5.66,2.3,1,5.87,5.87,5.54,False,False
24-09-2026 12:00,KLSYN,13.91,14.06,13.7,14.05,736608.0,0.01,0.14,0.02,566.67,0.14,236090.4,212.0,0.07,True,57.61,0.13,0.14,-0.02,2026-09-24,14.07,-0.14,0,,ATH,13.67,False,False
24-09-2026 11:00,ARMGD,109.4,130.0,109.4,129.2,2455774.0,0.8,19.8,1.98,900.0,19.8,283115.6,767.41,0.04,True,53.9,-7.49,-8.62,1.13,2026-09-24,121.5,6.34,2,109.4,162.8,109.4,True,True
24-09-2026 11:00,REEDR,3.95,4.21,3.9,4.2,5322831.0,0.01,0.25,0.0,4900.0,0.25,2025028.6,162.85,0.04,True,53.57,-0.08,-0.1,0.02,2026-09-24,4.03,4.22,2,3.9,4.22,3.9,True,True
24-09-2026 07:00,KBORU,13.58,14.75,13.35,14.58,7263337.0,0.17,1.0,0.14,635.29,1.0,2072367.1,250.49,0.17,True,70.33,0.38,0.21,0.17,2026-09-24,13.44,8.48,1,14.75,14.75,10.32,False,False
24-09-2026 07:00,ODAS,6.83,7.0,6.83,6.97,13358993.0,0.03,0.14,0.03,418.52,0.14,6544183.5,104.14,0.21,True,61.48,0.05,0.03,0.02,2026-09-24,6.9,1.01,1,7.0,7.0,6.22,False,False
24-09-2026 07:00,OYAKC,21.08,21.56,21.06,21.54,4240839.0,0.02,0.46,0.02,2200.0,0.46,1249366.6,239.44,0.04,True,65.6,0.22,0.26,-0.03,2026-09-24,21.16,1.8,0,,ATH,21.06,False,False
24-09-2026 07:00,CEMZY,7.57,8.5,7.57,8.45,28185994.0,0.05,0.88,0.09,900.0,0.88,2851621.2,888.42,0.06,True,35.5,-0.61,-0.66,0.05,2026-09-24,8.41,0.48,2,7.57,9.34,7.57,True,True
24-09-2026 07:00,HATSN,35.8,37.28,35.3,37.14,1963269.0,0.14,1.34,0.01,22233.33,1.34,1083645.4,81.17,0.1,True,47.53,-0.98,-1.35,0.37,2026-09-24,35.28,5.27,0,,38.48,31.94,False,False
24-09-2026 07:00,KRVGD,2.11,2.2,2.08,2.19,2817857.0,0.01,0.08,0.01,1042.86,0.08,609920.9,362.0,0.13,True,71.18,0.02,0.01,0.0,2026-09-24,2.1,4.29,2,2.08,ATH,2.08,False,False
24-09-2026 07:00,KRDMD,46.42,47.6,46.4,47.46,10059114.0,0.14,1.04,0.17,504.65,1.04,4876602.1,106.27,0.13,True,69.44,0.61,0.59,0.02,2026-09-24,46.68,1.67,0,,47.8,42.84,False,False
24-09-2026 07:00,ENDAE,14.87,15.1,14.84,15.09,523163.0,0.01,0.22,0.0,10900.0,0.22,200360.5,161.11,0.05,True,58.14,0.04,0.02,0.02,2026-09-24,14.86,1.55,0,,15.21,13.42,False,False
23-09-2026 14:00,AVHOL,26.64,27.4,26.56,27.4,265254.0,0.0,0.76,0.04,1900.0,0.76,140876.8,88.29,0.0,True,49.35,-0.36,-0.48,0.12,2026-09-23,27.02,1.41,0,,28.44,26.06,True,True
23-09-2026 14:00,PETUN,10.49,11.0,10.48,10.88,1131181.0,0.12,0.39,0.03,1244.83,0.39,201372.1,461.74,0.31,True,67.88,0.02,-0.03,0.05,2026-09-23,10.41,4.51,0,,11.42,10.06,False,False
23-09-2026 14:00,OZYSR,11.31,11.65,11.3,11.65,700887.0,0.0,0.34,0.03,871.43,0.34,271692.5,157.97,0.0,True,70.66,0.13,0.09,0.04,2026-09-23,11.2,4.02,0,,11.71,9.95,False,False
23-09-2026 14:00,BLUME,35.0,36.0,34.86,35.94,582631.0,0.06,0.94,0.32,190.12,0.94,235085.9,147.84,0.06,True,66.25,0.44,-0.04,0.48,2026-09-23,32.74,9.77,0,,38.7,29.8,False,False
23-09-2026 13:00,TUREX,5.35,5.58,5.33,5.58,5758053.0,0.0,0.23,0.05,411.11,0.23,2492455.3,131.02,0.0,True,78.57,0.08,0.03,0.05,2026-09-23,5.08,9.84,0,,ATH,4.72,False,False
23-09-2026 13:00,LIDFA,1.62,1.67,1.61,1.66,3974098.0,0.01,0.04,0.0,3900.0,0.04,1489934.2,166.73,0.25,True,61.34,0.01,0.01,-0.0,2026-09-23,1.63,1.84,1,1.67,1.67,1.6,False,False
23-09-2026 13:00,EGSER,2.67,2.71,2.67,2.7,324460.0,0.01,0.03,0.0,2900.0,0.03,120222.0,169.88,0.33,True,56.46,0.0,-0.0,0.01,2026-09-23,2.68,0.75,1,2.71,2.71,2.64,False,False
23-09-2026 12:00,RUBNS,23.28,24.42,23.24,24.32,272007.0,0.1,1.04,0.07,1429.41,1.04,151939.2,79.02,0.1,True,55.73,0.03,-0.04,0.07,2026-09-23,23.64,2.88,2,23.24,25.02,23.24,False,False
23-09-2026 12:00,NTHOL,38.98,39.34,38.7,39.28,311823.0,0.06,0.3,0.01,4900.0,0.3,146491.0,112.86,0.2,True,53.47,0.24,0.31,-0.07,2026-09-23,39.86,-1.46,0,,40.12,37.2,False,False
23-09-2026 12:00,ADGYO,54.55,56.9,54.45,56.9,676462.0,0.0,2.35,0.62,276.0,2.35,167492.5,303.88,0.0,True,77.24,1.43,0.86,0.57,2026-09-23,51.75,9.95,0,,ATH,44.24,False,False
23-09-2026 10:00,BAHKM,187.4,194.0,186.7,193.7,433015.0,0.3,6.3,0.77,718.18,6.3,180738.4,139.58,0.05,True,62.05,2.35,3.21,-0.86,2026-09-23,190.0,1.95,0,,198.0,180.7,False,False
23-09-2026 08:00,IHEVA,1.66,1.68,1.66,1.68,233350.0,0.0,0.02,0.01,300.0,0.02,102730.9,127.15,0.0,True,43.22,-0.02,-0.02,0.01,2026-09-23,1.67,0.6,0,,1.7,1.65,True,False
23-09-2026 08:00,GOZDE,20.06,20.38,19.96,20.3,409452.0,0.08,0.24,0.05,410.64,0.24,204133.4,100.58,0.33,True,54.05,-0.08,-0.16,0.08,2026-09-23,19.95,1.75,1,20.38,20.38,18.8,False,False
23-09-2026 08:00,IHLAS,0.97,0.98,0.96,0.98,12920108.0,0.0,0.01,0.0,150.0,0.01,7925740.9,63.01,0.0,True,53.5,-0.01,-0.01,0.0,2026-09-23,0.95,3.16,1,0.98,1.05,0.94,False,False
23-09-2026 08:00,OZKGY,12.39,12.55,12.29,12.52,1150751.0,0.03,0.13,0.01,766.67,0.13,343734.8,234.78,0.23,True,64.5,0.08,0.04,0.03,2026-09-23,12.35,1.38,1,12.55,12.55,11.59,False,False
23-09-2026 08:00,ECILC,65.25,67.65,64.8,67.3,2231239.0,0.35,2.05,0.64,220.31,2.05,1119808.8,99.25,0.17,True,80.27,1.26,0.45,0.81,2026-09-23,63.1,6.66,0,,ATH,54.8,False,False
23-09-2026 08:00,BINHO,7.04,7.24,7.02,7.24,8066420.0,0.0,0.2,0.04,354.55,0.2,3712505.6,117.28,0.0,True,61.67,-0.02,-0.15,0.13,2026-09-23,6.59,9.86,1,7.24,ATH,5.72,False,False
23-09-2026 08:00,CEMAS,3.46,3.66,3.46,3.61,4491189.0,0.05,0.15,0.04,328.57,0.15,1160015.0,287.17,0.33,True,70.27,0.02,-0.02,0.04,2026-09-23,3.4,6.18,1,3.66,3.66,3.17,False,False
23-09-2026 08:00,EKSUN,4.55,4.8,4.53,4.73,1313999.0,0.07,0.18,0.03,462.5,0.18,327595.9,301.1,0.39,True,66.56,-0.02,-0.06,0.04,2026-09-23,4.46,6.05,0,,5.1,4.21,False,False
23-09-2026 07:00,YUNSA,6.75,6.87,6.69,6.84,848323.0,0.03,0.09,0.02,309.09,0.09,394755.4,114.9,0.33,True,65.8,0.05,0.01,0.04,2026-09-23,6.7,2.09,0,,ATH,6.23,False,False
23-09-2026 07:00,A1YEN,1.84,1.95,1.82,1.93,6246210.0,0.02,0.09,0.02,260.0,0.09,4125190.5,51.42,0.22,True,60.81,-0.03,-0.06,0.04,2026-09-23,1.84,4.89,1,1.95,1.95,1.59,False,False
23-09-2026 07:00,RYSAS,26.42,27.2,26.42,27.16,3885830.0,0.04,0.74,0.12,516.67,0.74,2061120.0,88.53,0.05,True,76.48,0.69,0.49,0.2,2026-09-23,26.4,2.88,0,,ATH,22.7,False,False
23-09-2026 07:00,NIBAS,3.29,3.5,3.27,3.47,6290924.0,0.03,0.18,0.02,718.18,0.18,1448726.5,334.24,0.17,True,61.65,-0.03,-0.06,0.03,2026-09-23,3.28,5.79,0,,ATH,3.1,False,False
23-09-2026 07:00,ASGYO,9.94,10.11,9.93,10.1,533270.0,0.01,0.16,0.01,1042.86,0.16,179651.8,196.84,0.06,True,56.05,-0.01,-0.04,0.03,2026-09-23,9.92,1.81,0,,ATH,9.55,False,False
23-09-2026 07:00,AKCNS,193.7,208.7,192.3,207.9,507900.0,0.8,14.2,0.94,1410.64,14.2,174599.7,190.89,0.06,True,65.28,-1.7,-3.26,1.56,2026-09-23,190.0,9.42,0,,224.4,187.3,True,False
23-09-2026 07:00,MOBTL,9.77,10.02,9.61,10.02,906626.0,0.0,0.25,0.02,1566.67,0.25,278747.2,225.25,0.0,True,46.53,-0.27,-0.34,0.07,2026-09-23,9.68,3.51,0,,ATH,9.56,True,False
23-09-2026 07:00,AKGRT,5.57,5.64,5.56,5.64,1271952.0,0.0,0.07,0.0,1650.0,0.07,764805.9,66.31,0.0,True,63.07,0.02,0.01,0.01,2026-09-23,5.57,1.26,1,5.64,5.65,5.36,False,False
23-09-2026 07:00,AKFIS,13.22,14.1,13.15,13.98,4081197.0,0.12,0.76,0.06,1166.67,0.76,1551749.4,163.01,0.16,True,52.89,-0.2,-0.19,-0.01,2026-09-23,13.26,5.43,0,,16.87,12.97,False,False
23-09-2026 07:00,XU100,13158.92,13325.19,13158.92,13309.52,1715517971.0,15.67,150.6,3.52,4173.55,150.6,669113512.6,156.39,0.1,True,53.44,-9.91,-13.16,3.25,2026-09-23,13198.84,0.84,0,,13370.03,13152.37,False,False
23-09-2026 07:00,YATAS,27.0,27.72,26.92,27.72,257342.0,0.0,0.72,0.06,1061.29,0.72,109603.7,134.79,0.0,True,65.6,-0.01,-0.15,0.14,2026-09-23,26.96,2.82,0,,28.44,25.68,False,False
23-09-2026 07:00,ALFAS,34.0,34.88,33.88,34.76,411445.0,0.12,0.76,0.08,874.36,0.76,192141.0,114.14,0.16,True,59.58,0.23,0.09,0.13,2026-09-23,33.88,2.6,0,,35.08,31.52,False,False
23-09-2026 07:00,YKBNK,36.84,37.34,36.82,37.22,34927758.0,0.12,0.38,0.08,352.38,0.38,19175020.4,82.15,0.32,True,68.3,0.41,0.43,-0.03,2026-09-23,36.76,1.25,0,,37.42,35.14,False,False
23-09-2026 07:00,LMKDC,22.8,23.22,22.7,23.1,740265.0,0.12,0.3,0.02,1150.0,0.3,369180.6,100.52,0.4,True,64.85,0.22,0.19,0.02,2026-09-23,22.8,1.32,0,,23.3,21.22,False,False
23-09-2026 07:00,PETKM,21.02,23.0,21.02,23.0,66323133.0,0.0,1.98,0.15,1202.63,1.98,11315736.7,486.11,0.0,True,74.11,0.08,-0.03,0.11,2026-09-23,20.92,9.94,1,23.0,ATH,20.84,False,False
23-09-2026 07:00,ALKA,6.84,6.99,6.8,6.96,510854.0,0.03,0.12,0.02,500.0,0.12,141084.7,262.09,0.25,True,55.61,-0.03,-0.07,0.04,2026-09-23,6.8,2.35,0,,7.34,6.53,False,False
23-09-2026 07:00,ALGYO,3.13,3.21,3.12,3.2,5436596.0,0.01,0.07,0.01,536.36,0.07,2586444.6,110.2,0.14,True,54.17,-0.02,-0.03,0.01,2026-09-23,3.14,1.91,0,,ATH,3.1,False,False
23-09-2026 07:00,AKSA,10.91,11.02,10.9,11.02,2245451.0,0.0,0.11,0.01,2100.0,0.11,853412.1,163.11,0.0,True,62.8,0.04,0.02,0.01,2026-09-23,10.91,1.01,0,,11.17,10.54,False,False
23-09-2026 07:00,KRPLS,11.75,12.26,11.56,12.24,1453906.0,0.02,0.49,0.08,512.5,0.49,349232.5,316.31,0.04,True,67.82,0.15,0.08,0.07,2026-09-23,11.75,4.17,0,,12.4,11.27,False,False
23-09-2026 07:00,MAVI,38.5,39.18,38.14,39.04,1986351.0,0.14,0.54,0.05,1025.0,0.54,1100455.1,80.5,0.26,True,68.24,0.58,0.52,0.06,2026-09-23,38.5,1.4,1,39.18,39.18,34.98,False,False
23-09-2026 07:00,XU030,16220.87,16439.38,16220.87,16413.04,916694942.0,26.34,192.17,9.05,2024.13,192.17,373611188.7,145.36,0.14,True,59.3,29.95,30.84,-0.89,2026-09-23,16217.83,1.2,0,,16477.78,16190.52,False,False
23-09-2026 07:00,ARFYE,14.5,15.09,14.44,14.95,834427.0,0.14,0.45,0.03,1306.25,0.45,265560.3,214.21,0.31,True,51.24,-0.19,-0.29,0.1,2026-09-23,14.5,3.1,1,15.09,15.09,13.58,False,False
23-09-2026 07:00,KMPUR,15.6,16.32,15.6,16.24,247300.0,0.08,0.64,0.1,553.06,0.64,138065.7,79.12,0.13,True,56.53,-0.01,-0.09,0.08,2026-09-23,15.8,2.78,0,,18.47,14.9,False,False
23-09-2026 07:00,MEGMT,3.26,3.56,3.24,3.56,30554338.0,0.0,0.3,0.01,3233.33,0.3,12044183.3,153.69,0.0,True,55.08,-0.09,-0.1,0.01,2026-09-23,3.24,9.88,3,,3.89,3.24,True,True
23-09-2026 07:00,MERCN,14.76,15.79,14.74,15.74,2654555.0,0.05,0.98,0.09,988.89,0.98,709095.1,274.36,0.05,True,65.35,-0.06,-0.21,0.15,2026-09-23,14.76,6.64,0,,ATH,13.91,False,False
23-09-2026 07:00,ICUGS,1.94,2.32,1.94,2.32,20233018.0,0.0,0.38,0.04,900.0,0.38,2347847.8,761.77,0.0,True,50.75,-0.13,-0.15,0.02,2026-09-23,2.11,9.95,1,2.32,2.34,1.93,True,True
23-09-2026 07:00,AYDEM,23.8,24.74,23.42,24.56,611477.0,0.18,0.76,0.1,675.51,0.76,204287.3,199.32,0.24,True,67.47,0.13,-0.02,0.15,2026-09-23,23.8,3.19,1,24.74,24.74,22.1,False,False
23-09-2026 07:00,ESCAR,24.52,26.9,24.52,26.64,2649182.0,0.26,2.12,0.21,900.0,2.12,268326.1,887.3,0.12,True,30.22,-1.9,-1.97,0.07,2026-09-23,27.24,-2.2,2,24.52,30.26,24.52,True,True
23-09-2026 07:00,ULKER,88.7,90.35,88.2,90.3,1566376.0,0.05,1.6,0.25,540.0,1.6,569151.4,175.21,0.03,True,72.46,0.44,0.16,0.28,2026-09-23,88.6,1.92,0,,90.7,84.8,False,False
23-09-2026 07:00,BIENY,16.54,16.86,16.35,16.84,408301.0,0.02,0.3,0.01,3650.0,0.3,158333.9,157.87,0.07,True,48.81,-0.22,-0.3,0.08,2026-09-23,16.4,2.68,2,16.35,17.6,16.35,True,False
23-09-2026 07:00,ORGE,22.8,23.28,22.62,23.18,662359.0,0.1,0.38,0.07,458.82,0.38,333302.8,98.73,0.26,True,63.96,0.22,0.2,0.03,2026-09-23,22.62,2.48,0,,ATH,21.12,False,False
23-09-2026 07:00,TAVHL,278.0,282.75,276.75,281.5,898931.0,1.25,3.5,0.85,311.76,3.5,501821.6,79.13,0.36,True,61.62,2.17,2.41,-0.24,2026-09-23,278.0,1.26,2,276.75,283.75,276.75,False,False
23-09-2026 07:00,BIMAS,430.25,435.5,429.75,435.5,1344660.0,0.0,5.25,0.3,1650.0,5.25,823046.1,63.38,0.0,True,65.27,3.36,3.66,-0.29,2026-09-23,430.25,1.22,0,,443.25,429.0,False,False
23-09-2026 07:00,ICBCT,16.68,17.0,16.6,16.94,202510.0,0.06,0.26,0.03,900.0,0.26,130688.1,54.96,0.23,True,53.52,-0.08,-0.13,0.05,2026-09-23,16.7,1.44,1,17.0,17.0,16.47,False,False
23-09-2026 07:00,TCELL,100.6,101.9,100.5,101.7,3644443.0,0.2,1.1,0.04,2650.0,1.1,1482567.1,145.82,0.18,True,65.74,0.83,0.81,0.02,2026-09-23,100.3,1.4,0,,102.0,95.7,False,False
23-09-2026 07:00,TDGYO,10.9,13.18,10.9,12.9,1494605.0,0.28,2.0,0.2,900.0,2.0,161015.5,828.24,0.14,True,45.91,-0.8,-0.92,0.12,2026-09-23,12.11,6.52,3,,13.45,10.9,True,True
23-09-2026 07:00,ENKAI,87.15,88.65,86.85,88.5,3048687.0,0.15,1.35,0.16,743.75,1.35,1231641.6,147.53,0.11,True,66.4,0.62,0.53,0.08,2026-09-23,86.75,2.02,0,,ATH,83.3,False,False
23-09-2026 07:00,TCKRC,121.5,128.0,120.7,127.7,1069811.0,0.3,6.2,0.78,694.87,6.2,269847.4,296.45,0.05,True,70.53,2.66,1.66,1.0,2026-09-23,121.4,5.19,0,,ATH,104.9,False,False
23-09-2026 07:00,TKFEN,245.3,264.0,245.0,262.0,2679175.0,2.0,16.7,2.29,629.26,16.7,1030457.3,160.0,0.12,True,71.83,1.5,-0.66,2.16,2026-09-23,244.7,7.07,0,,ATH,226.9,False,False
23-09-2026 07:00,BKRGY,6.38,6.61,6.35,6.6,3603890.0,0.01,0.22,0.03,746.15,0.22,1227571.0,193.58,0.05,True,56.98,-0.04,-0.08,0.04,2026-09-23,6.4,3.12,1,6.61,6.61,6.04,False,False
23-09-2026 07:00,DOHOL,20.26,20.7,20.26,20.68,3601050.0,0.02,0.42,0.03,1135.29,0.42,1456252.5,147.28,0.05,True,63.43,0.05,-0.01,0.06,2026-09-23,20.26,2.07,0,,21.14,19.42,False,False
23-09-2026 07:00,SRVGY,2.18,2.24,2.17,2.23,5252180.0,0.01,0.05,0.01,455.56,0.05,1362007.3,285.62,0.2,True,62.86,0.01,-0.0,0.01,2026-09-23,2.17,2.76,0,,ATH,2.05,False,False
23-09-2026 07:00,TRMET,137.9,143.3,137.5,142.5,2257487.0,0.8,4.6,0.1,4500.0,4.6,975231.8,131.48,0.17,True,69.47,2.51,2.2,0.31,2026-09-23,137.9,3.34,0,,142.6,125.3,False,False
23-09-2026 07:00,DITAS,8.91,9.94,8.91,9.93,7376334.0,0.01,1.02,0.1,900.0,1.02,749257.5,884.49,0.01,True,34.98,-0.69,-0.74,0.05,2026-09-23,9.9,0.3,2,8.91,10.99,8.91,True,True
23-09-2026 07:00,DESA,8.82,9.25,8.8,9.19,868166.0,0.06,0.37,0.03,1021.21,0.37,216148.6,301.65,0.16,True,62.79,0.01,-0.02,0.03,2026-09-23,8.84,3.96,1,9.25,9.25,8.48,False,False
23-09-2026 07:00,BOBET,17.33,17.69,17.32,17.62,702513.0,0.07,0.29,0.04,683.78,0.29,292478.0,140.19,0.24,True,53.84,-0.07,-0.17,0.1,2026-09-23,17.2,2.44,0,,ATH,16.33,False,False
23-09-2026 07:00,DCTTR,3.9,4.0,3.88,3.98,1831644.0,0.02,0.08,0.0,1900.0,0.08,910193.5,101.24,0.25,True,37.04,-0.11,-0.14,0.02,2026-09-23,3.91,1.79,0,,5.81,3.87,True,False
23-09-2026 07:00,CWENE,24.6,25.16,24.42,25.16,7266350.0,0.0,0.56,0.05,1066.67,0.56,2877508.1,152.52,0.0,True,59.97,0.26,0.12,0.14,2026-09-23,24.6,2.28,2,24.42,ATH,24.42,False,False
23-09-2026 07:00,DAGI,5.96,6.4,5.85,6.33,1787537.0,0.07,0.37,0.05,611.54,0.37,819229.2,118.2,0.19,True,49.15,-0.16,-0.23,0.07,2026-09-23,6.28,0.8,0,,6.45,5.8,True,False
23-09-2026 07:00,TTKOM,54.0,54.8,54.0,54.65,6075770.0,0.15,0.65,0.04,1525.0,0.65,2495574.1,143.46,0.23,True,63.19,0.42,0.43,-0.0,2026-09-23,54.1,1.02,0,,55.0,51.85,False,False
23-09-2026 07:00,CELHA,24.7,27.02,24.7,26.86,873281.0,0.16,2.16,0.32,570.81,2.16,447001.3,95.36,0.07,True,58.25,-0.02,-0.29,0.27,2026-09-23,25.8,4.11,0,,31.0,23.1,False,False
23-09-2026 07:00,UCAYM,17.68,18.18,17.68,18.14,749532.0,0.04,0.46,0.05,838.78,0.46,299464.9,150.29,0.09,True,53.58,-0.07,-0.15,0.09,2026-09-23,17.86,1.57,0,,19.36,16.69,False,False
23-09-2026 07:00,BURCE,26.42,28.0,26.3,27.86,636105.0,0.14,1.44,0.13,1007.69,1.44,120451.7,428.1,0.1,True,58.53,-0.28,-0.41,0.13,2026-09-23,26.42,5.45,0,,31.5,26.26,True,True
23-09-2026 07:00,SURGY,23.58,24.0,23.42,23.9,323425.0,0.1,0.32,0.01,3900.0,0.32,199487.1,62.13,0.31,True,44.39,-0.36,-0.47,0.11,2026-09-23,23.74,0.67,0,,27.72,23.12,True,True
23-09-2026 07:00,ONRYT,11.07,11.39,11.07,11.38,780881.0,0.01,0.31,0.0,10233.33,0.31,372150.1,109.83,0.03,True,46.95,-0.17,-0.22,0.05,2026-09-23,11.1,2.52,0,,11.49,10.63,False,False
23-09-2026 07:00,BALSU,6.65,7.03,6.55,7.01,18547630.0,0.02,0.36,0.01,2471.43,0.36,6520408.0,184.46,0.06,True,58.83,0.01,-0.01,0.02,2026-09-23,6.64,5.57,0,,ATH,5.72,False,False
23-09-2026 07:00,GUBRF,440.0,455.5,440.0,451.75,1117954.0,3.75,11.75,0.78,1416.13,11.75,277199.6,303.3,0.32,True,64.69,3.18,3.26,-0.08,2026-09-23,440.0,2.67,1,455.5,455.5,438.5,False,False
23-09-2026 07:00,SEGMN,25.44,30.54,25.44,29.98,1203679.0,0.56,4.54,0.21,2082.69,4.54,353673.3,240.34,0.12,True,47.62,-1.25,-1.12,-0.13,2026-09-23,28.26,6.09,3,,36.66,25.44,True,True
23-09-2026 07:00,BTCIM,2.27,2.54,2.27,2.52,198497787.0,0.02,0.25,0.01,2677.78,0.25,35719458.2,455.71,0.08,True,44.64,-0.13,-0.15,0.01,2026-09-23,2.36,6.78,2,2.27,2.7,2.27,True,True
23-09-2026 07:00,ULUUN,7.14,7.26,7.11,7.25,917640.0,0.01,0.11,0.01,1471.43,0.11,608801.5,50.73,0.09,True,61.99,0.02,-0.01,0.03,2026-09-23,7.11,1.97,0,,ATH,6.65,False,False
23-09-2026 07:00,BESLR,11.66,11.87,11.62,11.84,524297.0,0.03,0.18,0.01,1400.0,0.18,282371.1,85.68,0.17,True,55.8,-0.04,-0.07,0.03,2026-09-23,11.64,1.72,0,,12.38,11.28,False,False
23-09-2026 07:00,VBTYZ,27.78,29.92,27.7,29.72,761968.0,0.2,1.94,0.15,1159.74,1.94,163873.7,364.97,0.1,True,64.45,-0.13,-0.33,0.2,2026-09-23,27.72,7.22,1,29.92,29.92,26.52,False,False
23-09-2026 07:00,HOROZ,47.44,49.74,47.38,49.26,411159.0,0.48,1.82,0.25,628.0,1.82,112409.9,265.77,0.26,True,64.56,0.18,-0.15,0.34,2026-09-23,47.36,4.01,1,49.74,49.74,43.84,False,False
23-09-2026 07:00,SNGYO,2.86,2.94,2.85,2.92,5861844.0,0.02,0.06,0.01,500.0,0.06,2753067.5,112.92,0.33,True,68.53,0.04,0.02,0.02,2026-09-23,2.83,3.18,1,2.94,2.94,2.59,False,False
23-09-2026 07:00,HRKET,7.3,7.93,7.3,7.84,27454462.0,0.09,0.54,0.08,601.3,0.54,7840200.4,250.18,0.17,True,80.38,0.26,0.22,0.05,2026-09-23,7.21,8.74,1,7.93,7.93,5.7,False,False
22-09-2026 14:00,SAMAT,4.31,4.56,4.25,4.56,1054605.0,0.0,0.25,0.05,455.56,0.25,189981.3,455.11,0.0,True,65.95,-0.03,-0.08,0.05,2026-09-22,4.15,9.88,0,,4.6,3.96,True,False
22-09-2026 14:00,OZSUB,38.68,43.26,38.62,43.26,542843.0,0.0,4.58,0.44,940.91,4.58,224987.6,141.28,0.0,True,75.53,0.66,0.34,0.32,2026-09-22,39.34,9.96,1,43.26,ATH,35.02,False,False
22-09-2026 14:00,BORLS,2.11,2.16,2.11,2.15,3535451.0,0.01,0.04,0.0,3900.0,0.04,2186755.7,61.68,0.25,True,41.5,-0.06,-0.07,0.01,2026-09-22,2.15,0.0,0,,ATH,2.06,True,True
22-09-2026 14:00,PAPIL,9.28,9.56,9.23,9.49,1602195.0,0.07,0.21,0.01,2900.0,0.21,540328.3,196.52,0.33,True,45.99,-0.17,-0.24,0.06,2026-09-22,9.57,-0.84,1,9.56,9.56,8.77,True,False
22-09-2026 13:00,GWIND,21.22,21.58,21.22,21.5,652067.0,0.08,0.28,0.03,723.53,0.28,359679.0,81.29,0.29,True,60.77,0.05,-0.03,0.08,2026-09-22,20.8,3.37,0,,ATH,20.32,False,False
22-09-2026 13:00,TUKAS,2.07,2.2,2.07,2.19,40677612.0,0.01,0.12,0.01,1100.0,0.12,16264754.3,150.1,0.08,True,72.88,0.06,0.05,0.02,2026-09-22,2.02,8.42,0,,ATH,1.73,False,False
22-09-2026 13:00,DOFRB,82.75,85.8,82.7,85.7,1107659.0,0.1,2.95,0.25,1080.0,2.95,381445.6,190.38,0.03,True,51.43,-1.61,-2.06,0.44,2026-09-22,82.25,4.19,0,,93.4,80.3,True,True
22-09-2026 12:00,RTALB,2.11,2.18,2.1,2.16,6779429.0,0.02,0.05,0.0,2400.0,0.05,2843501.7,138.42,0.4,True,37.82,-0.07,-0.08,0.01,2026-09-22,2.16,0.0,0,,2.19,2.05,True,True
22-09-2026 12:00,BEGYO,2.75,3.0,2.75,3.0,8660538.0,0.0,0.25,0.03,681.25,0.25,1318557.0,556.82,0.0,True,70.85,-0.01,-0.04,0.03,2026-09-22,2.73,9.89,0,,ATH,2.63,False,False
22-09-2026 12:00,GLRYH,1.96,2.11,1.96,2.09,4597022.0,0.02,0.13,0.02,441.67,0.13,2149700.5,113.84,0.15,True,49.9,-0.08,-0.11,0.03,2026-09-22,1.97,6.09,1,2.11,2.11,1.78,True,False
22-09-2026 12:00,KZBGY,1.46,1.55,1.45,1.53,16811976.0,0.02,0.07,0.01,483.33,0.07,6231412.8,169.79,0.29,True,60.01,-0.01,-0.03,0.01,2026-09-22,1.42,7.75,0,,1.62,1.37,False,False
22-09-2026 12:00,SANFM,5.4,5.65,5.4,5.6,4391120.0,0.05,0.2,0.02,900.0,0.2,509489.3,761.87,0.25,True,30.08,-0.32,-0.31,-0.0,2026-09-22,6.0,-6.67,0,,6.66,5.4,True,True
22-09-2026 12:00,KONKA,7.72,7.93,7.71,7.89,619433.0,0.04,0.17,0.03,507.14,0.17,254356.3,143.53,0.24,True,48.8,-0.12,-0.14,0.03,2026-09-22,7.65,3.14,0,,ATH,7.39,True,False
22-09-2026 11:00,AHGAZ,41.48,42.9,41.34,42.9,1734529.0,0.0,1.42,0.16,810.26,1.42,945604.4,83.43,0.0,True,67.91,0.42,0.38,0.04,2026-09-22,41.6,3.12,0,,ATH,40.0,False,False
22-09-2026 11:00,SERNT,5.92,5.99,5.8,5.99,1272386.0,0.0,0.07,0.0,1300.0,0.07,428883.5,196.67,0.0,True,36.72,-0.16,-0.21,0.05,2026-09-22,6.0,-0.17,2,5.8,ATH,5.8,True,False
22-09-2026 11:00,CANTE,1.15,1.19,1.14,1.18,77381910.0,0.01,0.03,0.0,650.0,0.03,46852445.0,65.16,0.33,True,51.83,-0.02,-0.03,0.01,2026-09-22,1.11,6.31,0,,1.39,1.11,True,False
22-09-2026 11:00,FZLGY,6.72,7.52,6.72,7.49,13493697.0,0.03,0.77,0.08,887.18,0.77,3217483.1,319.39,0.04,True,44.97,-0.42,-0.43,0.01,2026-09-22,7.46,0.4,2,6.72,9.5,6.72,True,True
22-09-2026 11:00,FROTO,78.95,80.95,78.9,80.7,5483461.0,0.25,1.75,0.37,372.97,1.75,2417864.7,126.79,0.14,True,74.78,0.77,0.4,0.38,2026-09-22,77.85,3.66,1,80.95,80.95,75.0,False,False
22-09-2026 11:00,MSGYO,4.98,5.06,4.96,5.05,245051.0,0.01,0.07,0.0,1650.0,0.07,92635.3,164.53,0.14,True,46.58,-0.04,-0.04,0.01,2026-09-22,5.07,-0.39,2,4.96,5.19,4.96,True,False
22-09-2026 10:00,RUZYE,5.01,5.46,5.01,5.41,6196367.0,0.05,0.4,0.04,900.0,0.4,705385.7,778.44,0.12,True,31.97,-0.38,-0.39,0.01,2026-09-22,5.56,-2.7,2,5.01,ATH,5.01,True,True
22-09-2026 09:00,YIGIT,18.41,18.7,18.36,18.68,571048.0,0.02,0.27,0.06,321.88,0.27,268247.2,112.88,0.07,True,43.59,-0.28,-0.35,0.06,2026-09-22,18.38,1.63,0,,19.24,17.98,True,False
22-09-2026 09:00,THYAO,295.25,299.5,295.0,298.75,11729710.0,0.75,3.5,1.48,137.29,3.5,5305796.2,121.07,0.21,True,74.24,2.88,1.96,0.92,2026-09-22,293.5,1.79,0,,ATH,282.5,False,False
22-09-2026 09:00,SEGYO,2.69,2.94,2.68,2.9,5249320.0,0.04,0.21,0.03,677.78,0.21,926332.2,466.68,0.19,True,57.98,-0.05,-0.07,0.02,2026-09-22,2.68,8.21,0,,ATH,2.58,True,False
22-09-2026 08:00,SDTTR,17.49,17.92,17.41,17.83,1076248.0,0.09,0.34,0.09,277.78,0.34,631051.3,70.55,0.26,True,50.43,-0.21,-0.29,0.07,2026-09-22,17.45,2.18,1,17.92,17.92,16.78,False,False
22-09-2026 08:00,DNISI,4.17,4.25,4.17,4.24,443177.0,0.01,0.07,0.02,337.5,0.07,280132.3,58.2,0.14,True,45.38,-0.07,-0.08,0.01,2026-09-22,4.15,2.17,0,,4.78,4.06,True,False
22-09-2026 08:00,EMKEL,8.22,9.08,8.22,9.0,4568537.0,0.08,0.78,0.08,900.0,0.78,546440.0,736.05,0.1,True,36.42,-0.49,-0.45,-0.04,2026-09-22,9.13,-1.42,2,8.22,ATH,8.22,True,True
22-09-2026 07:00,SAFKR,10.99,11.29,10.92,11.22,861384.0,0.07,0.23,0.02,1337.5,0.23,408975.0,110.62,0.3,True,43.49,-0.17,-0.17,0.0,2026-09-22,11.18,0.36,2,10.92,12.1,10.92,True,True
22-09-2026 07:00,SELVA,1.23,1.27,1.22,1.26,6079530.0,0.01,0.03,0.01,400.0,0.03,2146022.5,183.29,0.33,True,46.24,-0.02,-0.03,0.01,2026-09-22,1.23,2.44,1,1.27,1.27,1.18,True,False
22-09-2026 07:00,YYLGD,8.5,8.69,8.45,8.66,1433104.0,0.03,0.16,0.03,370.59,0.16,649259.7,120.73,0.19,True,48.21,-0.11,-0.15,0.04,2026-09-22,8.5,1.88,0,,ATH,8.2,True,False
22-09-2026 07:00,PCILT,29.58,30.82,29.54,30.76,445593.0,0.06,1.18,0.23,413.04,1.18,149359.2,198.34,0.05,True,62.15,0.0,-0.12,0.12,2026-09-22,29.64,3.78,0,,31.18,28.0,False,False
22-09-2026 07:00,RGYAS,190.6,197.2,190.3,195.9,671392.0,1.3,5.3,0.64,728.13,5.3,169938.6,295.08,0.25,True,68.73,0.46,-0.13,0.59,2026-09-22,190.4,2.89,0,,ATH,186.0,False,False
22-09-2026 07:00,SMRVA,7.6,7.77,7.46,7.73,2229378.0,0.04,0.13,0.05,165.31,0.13,754632.0,195.43,0.31,True,44.9,-0.19,-0.27,0.09,2026-09-22,7.64,1.18,0,,ATH,6.89,True,False
22-09-2026 07:00,SAYAS,45.28,47.74,45.28,47.22,561122.0,0.52,1.94,0.47,314.53,1.94,211396.8,165.44,0.27,True,57.78,-0.13,-0.39,0.26,2026-09-22,46.04,2.56,0,,48.72,42.88,False,False
22-09-2026 07:00,SOKE,8.03,8.19,8.01,8.17,563390.0,0.02,0.14,0.02,677.78,0.14,354460.3,58.94,0.14,True,34.26,-0.22,-0.23,0.0,2026-09-22,8.06,1.36,2,8.01,9.34,8.01,True,True
22-09-2026 07:00,AAGYO,8.46,8.72,8.39,8.7,2317753.0,0.02,0.24,0.04,445.45,0.24,806842.0,187.26,0.08,True,42.77,-0.24,-0.31,0.07,2026-09-22,8.47,2.72,0,,ATH,8.44,True,False
22-09-2026 07:00,FRIGO,1.6,1.71,1.6,1.68,5789712.0,0.03,0.08,0.0,1500.0,0.08,1578437.0,266.8,0.38,True,31.14,-0.09,-0.08,-0.0,2026-09-22,1.71,-1.75,0,,2.28,1.59,False,False
22-09-2026 07:00,DURKN,12.15,13.17,12.15,12.93,2987010.0,0.24,0.78,0.08,900.0,0.78,345697.0,764.05,0.31,True,26.08,-0.83,-0.79,-0.04,2026-09-22,13.5,-4.22,2,12.15,ATH,12.15,True,True
22-09-2026 07:00,BIGCH,4.1,4.19,4.07,4.17,739216.0,0.02,0.07,0.02,218.18,0.07,327560.5,125.67,0.29,True,37.28,-0.12,-0.13,0.01,2026-09-22,4.13,0.97,2,4.07,4.93,4.07,True,True
22-09-2026 07:00,HLGYO,4.02,4.12,3.98,4.1,11291318.0,0.02,0.08,0.02,400.0,0.08,3434383.3,228.77,0.25,True,60.29,-0.01,-0.02,0.01,2026-09-22,3.97,3.27,0,,4.4,3.88,True,False
22-09-2026 07:00,HUBVC,1.64,1.69,1.59,1.69,1516990.0,0.0,0.05,0.01,614.29,0.05,360439.0,320.87,0.0,True,34.7,-0.06,-0.05,-0.01,2026-09-22,1.76,-3.98,2,1.59,1.97,1.59,False,False
22-09-2026 07:00,BUCIM,5.02,5.3,4.99,5.28,2055922.0,0.02,0.26,0.03,687.88,0.26,718723.4,186.05,0.08,True,60.99,-0.05,-0.08,0.03,2026-09-22,5.04,4.76,0,,ATH,4.85,True,False
22-09-2026 07:00,BERA,11.89,12.11,11.88,12.05,1300006.0,0.06,0.16,0.04,255.56,0.16,635896.2,104.44,0.37,True,48.22,-0.14,-0.17,0.03,2026-09-22,11.91,1.18,0,,12.82,11.5,True,False
22-09-2026 07:00,GESAN,44.48,48.4,44.0,47.62,10094227.0,0.78,3.14,0.45,594.69,3.14,3461861.5,191.58,0.25,True,53.16,-0.61,-0.93,0.32,2026-09-22,45.54,4.57,2,44.0,50.9,44.0,True,False
22-09-2026 07:00,GENKM,8.0,8.24,7.98,8.18,1439281.0,0.06,0.18,0.04,414.29,0.18,936631.6,53.67,0.33,True,35.1,-0.31,-0.34,0.03,2026-09-22,8.06,1.49,0,,10.27,7.94,True,True
22-09-2026 07:00,IZENR,3.91,4.32,3.91,4.31,27650718.0,0.01,0.4,0.04,900.0,0.4,2985067.8,826.3,0.03,True,33.41,-0.27,-0.28,0.01,2026-09-22,4.34,-0.69,2,3.91,ATH,3.91,True,True
22-09-2026 07:00,KATMR,1.59,1.67,1.59,1.65,38038975.0,0.02,0.06,0.01,500.0,0.06,9391165.0,305.05,0.33,True,57.66,-0.02,-0.03,0.01,2026-09-22,1.58,4.43,0,,ATH,1.52,True,False
22-09-2026 07:00,BRSAN,659.5,680.5,656.5,677.5,579631.0,3.0,18.0,3.8,373.68,18.0,163060.7,255.47,0.17,True,68.9,3.91,2.15,1.76,2026-09-22,659.0,2.81,1,680.5,680.5,635.5,False,False
22-09-2026 07:00,CIMSA,41.48,42.64,41.38,42.64,1631794.0,0.0,1.16,0.23,413.27,1.16,837467.0,94.85,0.0,True,65.47,0.12,-0.04,0.15,2026-09-22,41.72,2.21,0,,ATH,40.46,False,False
22-09-2026 07:00,KLKIM,23.38,23.94,23.38,23.78,440677.0,0.16,0.4,0.11,277.36,0.4,176172.3,150.14,0.4,True,56.17,-0.11,-0.2,0.1,2026-09-22,23.38,1.71,0,,24.82,22.5,False,False
22-09-2026 07:00,OBAMS,4.25,4.35,4.23,4.33,4604758.0,0.02,0.08,0.01,471.43,0.08,2775018.5,65.94,0.25,True,41.08,-0.1,-0.12,0.02,2026-09-22,4.25,1.88,0,,ATH,4.17,True,False
22-09-2026 07:00,FORTE,97.5,100.9,96.45,100.0,299155.0,0.9,2.5,0.78,222.58,2.5,107001.3,179.58,0.36,True,57.31,-0.74,-1.45,0.72,2026-09-22,97.2,2.88,1,100.9,100.9,91.45,True,False
22-09-2026 07:00,EUPWR,61.05,66.6,61.05,65.15,7302863.0,1.45,4.1,0.97,322.68,4.1,3546286.6,105.93,0.35,True,59.9,1.24,0.68,0.56,2026-09-22,64.5,1.01,0,,ATH,51.3,False,False
22-09-2026 07:00,MNDRS,9.95,10.17,9.94,10.12,353579.0,0.05,0.17,0.02,639.13,0.17,178713.9,97.85,0.29,True,52.28,-0.06,-0.09,0.02,2026-09-22,9.95,1.71,0,,10.16,9.76,True,False
22-09-2026 07:00,EGEGY,14.36,16.14,14.36,16.08,3077119.0,0.06,1.72,0.18,855.56,1.72,1763517.4,74.49,0.03,True,49.66,-0.75,-0.91,0.15,2026-09-22,14.69,9.46,0,,17.95,14.09,True,True
22-09-2026 07:00,LINK,4.05,4.15,4.0,4.14,3925377.0,0.01,0.09,0.02,429.41,0.09,2300956.0,70.6,0.11,True,45.46,-0.1,-0.13,0.03,2026-09-22,4.09,1.22,0,,ATH,3.86,True,False
21-09-2026 14:00,AKBNK,71.65,72.55,71.6,72.4,32234956.0,0.15,0.75,0.22,240.91,0.75,20004823.4,61.14,0.2,True,66.08,0.61,0.52,0.09,2026-09-21,70.7,2.4,0,,ATH,68.95,False,False
21-09-2026 14:00,VAKFA,9.93,10.1,9.93,10.08,3601897.0,0.02,0.15,0.02,650.0,0.15,1028547.5,250.19,0.13,True,48.41,-0.16,-0.16,0.01,2026-09-21,10.21,-1.27,0,,10.98,9.46,True,False
21-09-2026 14:00,ISFIN,18.57,19.0,18.53,19.0,701484.0,0.0,0.43,0.06,616.67,0.43,281680.3,149.04,0.0,True,65.97,0.1,0.03,0.07,2026-09-21,18.5,2.7,0,,ATH,17.69,False,False
21-09-2026 13:00,ISGYO,23.52,24.98,23.34,24.72,1084301.0,0.26,1.2,0.15,721.92,1.2,357583.7,203.23,0.22,True,69.76,0.26,0.15,0.11,2026-09-21,23.16,6.74,0,,ATH,22.04,False,False
21-09-2026 13:00,MCARD,100.5,107.0,100.5,106.1,1675532.0,0.9,5.6,0.56,900.0,5.6,178487.8,838.74,0.16,True,30.16,-6.25,-6.61,0.36,2026-09-21,111.6,-4.93,0,,111.6,100.5,True,True
21-09-2026 13:00,MHRGY,1.87,1.95,1.86,1.94,1008868.0,0.01,0.07,0.0,3400.0,0.07,640641.7,57.48,0.14,True,51.96,-0.03,-0.04,0.01,2026-09-21,1.92,1.04,1,1.95,1.95,1.77,True,False
21-09-2026 13:00,LRSHO,2.04,2.12,2.03,2.11,4883813.0,0.01,0.07,0.0,6900.0,0.07,2079859.1,134.81,0.14,True,51.22,-0.04,-0.05,0.01,2026-09-21,2.08,1.44,0,,2.2,1.95,True,False
21-09-2026 13:00,OYYAT,27.48,28.34,27.48,28.12,188544.0,0.22,0.64,0.14,363.77,0.64,111468.0,69.15,0.34,True,44.36,-0.85,-0.91,0.06,2026-09-21,28.04,0.29,0,,ATH,26.16,True,False
21-09-2026 12:00,SSAAT,26.72,29.0,26.7,28.92,1637936.0,0.08,2.2,0.2,1011.11,2.2,407123.9,302.32,0.04,True,61.94,-0.3,-0.46,0.16,2026-09-21,27.1,6.72,0,,ATH,25.22,True,False
21-09-2026 12:00,MGROS,527.5,535.0,526.0,533.5,521598.0,1.5,6.0,1.35,344.44,6.0,302125.3,72.64,0.25,True,67.24,3.05,2.57,0.48,2026-09-21,525.0,1.62,0,,ATH,517.0,False,False
21-09-2026 12:00,IHGZT,1.06,1.1,1.04,1.09,10165981.0,0.01,0.03,0.01,400.0,0.03,2940638.1,245.71,0.33,True,49.29,-0.02,-0.02,0.0,2026-09-21,1.08,0.93,0,,1.13,1.02,True,False
21-09-2026 12:00,BETAE,60.4,63.0,60.35,62.55,3038241.0,0.45,2.15,0.19,1062.16,2.15,1478465.2,105.5,0.21,True,48.5,-1.8,-2.19,0.39,2026-09-21,61.5,1.71,0,,ATH,55.35,True,False
21-09-2026 11:00,TUPRS,413.0,421.0,413.0,420.25,5102047.0,0.75,7.25,0.72,900.0,7.25,3030992.2,68.33,0.1,True,60.85,1.27,1.39,-0.12,2026-09-21,417.25,0.72,0,,ATH,402.0,False,False
21-09-2026 11:00,SISE,39.5,39.98,39.48,39.88,8359949.0,0.1,0.38,0.03,1361.54,0.38,5300416.0,57.72,0.26,True,51.7,-0.12,-0.14,0.02,2026-09-21,39.62,0.66,0,,40.54,38.68,False,False
21-09-2026 11:00,TRALT,49.88,51.6,49.86,51.4,19857814.0,0.2,1.52,0.12,1188.14,1.52,10140455.6,95.83,0.13,True,64.87,0.21,0.18,0.03,2026-09-21,50.2,2.39,0,,ATH,48.6,False,False
21-09-2026 11:00,HURGZ,6.46,6.73,6.46,6.66,1806324.0,0.07,0.2,0.0,2.251799813685249e+17,0.2,832538.5,116.97,0.35,True,42.12,-0.22,-0.22,0.0,2026-09-21,6.69,-0.45,0,,ATH,6.14,True,False
21-09-2026 11:00,EKGYO,18.78,19.0,18.76,18.95,27138098.0,0.05,0.17,0.0,5566.67,0.17,13599372.7,99.55,0.29,True,49.41,-0.05,-0.03,-0.02,2026-09-21,19.01,-0.32,0,,19.34,18.47,False,False
21-09-2026 11:00,VAKFN,1.01,1.02,1.0,1.02,20489725.0,0.0,0.01,0.0,400.0,0.01,9986654.3,105.17,0.0,True,45.61,-0.01,-0.01,-0.0,2026-09-21,1.03,-0.97,0,,1.05,0.98,False,False
21-09-2026 11:00,KRGYO,2.87,3.2,2.87,3.14,3770675.0,0.06,0.27,0.01,2600.0,0.27,1914490.4,96.95,0.22,True,46.46,-0.14,-0.15,0.0,2026-09-21,2.99,5.02,0,,3.73,2.72,True,True
21-09-2026 11:00,ASELS,372.0,379.25,371.5,378.5,6078745.0,0.75,6.5,0.08,8566.67,6.5,3018888.3,101.36,0.12,True,58.31,-0.14,0.04,-0.18,2026-09-21,372.75,1.54,0,,383.25,364.0,False,False
21-09-2026 10:00,INTET,42.34,49.06,42.34,48.72,6405085.0,0.34,6.38,0.34,1765.5,6.38,1870697.0,242.39,0.05,True,53.58,-1.2,-1.37,0.17,2026-09-21,47.04,3.57,2,42.34,48.78,42.34,True,True
21-09-2026 07:00,SEYKM,3.01,3.2,3.01,3.17,1763540.0,0.03,0.16,0.02,900.0,0.16,258100.1,583.28,0.19,True,24.16,-0.18,-0.16,-0.02,2026-09-21,3.34,-5.09,2,3.01,4.34,3.01,True,True
18-09-2026 14:00,GENTS,4.51,4.9,4.5,4.8,1723569.0,0.1,0.29,0.01,1833.33,0.29,575837.6,199.32,0.34,True,59.83,-0.04,-0.05,0.01,2026-09-18,4.71,1.91,1,4.9,4.9,4.5,True,True
18-09-2026 14:00,BAYRK,3.42,3.52,3.41,3.5,1734069.0,0.02,0.08,0.0,7900.0,0.08,574116.1,202.04,0.25,True,43.92,-0.09,-0.1,0.01,2026-09-18,3.48,0.57,1,3.52,3.52,3.16,True,False
18-09-2026 14:00,PSGYO,2.11,2.28,2.11,2.25,228351253.0,0.03,0.14,0.01,900.0,0.14,23330614.9,878.76,0.21,True,37.49,-0.1,-0.11,0.01,2026-09-18,2.34,-3.85,1,2.28,2.28,2.11,True,True
18-09-2026 14:00,DGNMO,5.46,6.04,5.44,5.89,1224072.0,0.15,0.43,0.01,3207.69,0.43,269989.0,353.38,0.35,True,54.52,-0.1,-0.13,0.03,2026-09-18,5.74,2.61,1,6.04,6.04,5.2,True,True
18-09-2026 14:00,ZERGY,8.23,8.64,8.15,8.54,4666859.0,0.1,0.31,0.05,545.83,0.31,1000581.8,366.41,0.32,True,55.72,-0.04,-0.09,0.05,2026-09-18,8.58,-0.47,1,8.64,8.64,7.5,False,False
18-09-2026 13:00,GZNMI,38.34,40.54,37.96,40.12,275756.0,0.42,1.78,0.06,2866.67,1.78,107761.8,155.89,0.24,True,45.57,-1.08,-1.18,0.1,2026-09-18,39.98,0.35,0,,ATH,36.7,True,True
18-09-2026 13:00,AVGYO,15.41,17.12,15.41,16.79,1156551.0,0.33,1.38,0.22,535.94,1.38,222433.8,419.95,0.24,True,64.79,0.01,-0.11,0.12,2026-09-18,15.63,7.42,1,17.12,17.12,14.45,False,False
18-09-2026 11:00,ATLAS,5.17,6.23,5.12,6.23,1255020.0,0.0,1.06,0.11,909.52,1.06,332851.8,277.05,0.0,True,57.23,-0.23,-0.25,0.02,2026-09-18,5.67,9.88,0,,7.49,5.11,False,False
18-09-2026 09:00,LILAK,26.44,28.48,26.42,28.48,4432027.0,0.0,2.04,0.29,603.45,2.04,805104.2,450.49,0.0,True,75.85,0.11,-0.12,0.23,2026-09-18,25.9,9.96,1,28.48,ATH,24.9,False,False
18-09-2026 07:00,ZRGYO,19.62,19.99,19.6,19.97,519038.0,0.02,0.35,0.04,733.33,0.35,301668.5,72.06,0.06,True,55.26,0.03,-0.01,0.05,2026-09-18,19.91,0.3,0,,20.04,19.48,False,False
18-09-2026 07:00,GEDIK,5.04,5.44,5.02,5.36,8983507.0,0.08,0.32,0.01,2566.67,0.32,1524508.2,489.27,0.25,True,55.25,-0.05,-0.06,0.02,2026-09-18,4.99,7.41,0,,5.55,4.78,False,False
17-09-2026 14:00,BMSTL,46.64,49.12,46.58,48.46,1937794.0,0.66,1.82,0.05,3691.67,1.82,831343.9,133.09,0.36,True,52.51,-0.7,-0.65,-0.04,2026-09-17,49.32,-1.74,1,49.12,49.12,44.4,False,False
17-09-2026 14:00,GOKNR,17.28,17.97,17.21,17.78,1086877.0,0.19,0.5,0.1,405.05,0.5,580404.9,87.26,0.38,True,61.62,-0.01,-0.09,0.09,2026-09-17,17.07,4.16,1,17.97,17.97,16.37,False,False
17-09-2026 14:00,CEOEM,29.5,32.1,29.44,31.8,1436801.0,0.3,2.3,0.19,1110.53,2.3,557404.2,157.77,0.13,True,61.69,-0.16,-0.26,0.1,2026-09-17,30.0,6.0,0,,ATH,27.92,False,False
17-09-2026 12:00,ALTIN,73.73,74.45,73.65,74.33,4229419.0,0.12,0.6,0.05,1011.11,0.6,1929147.8,119.24,0.2,True,69.37,0.06,0.02,0.04,2026-09-17,73.44,1.21,0,,ATH,73.02,False,False
17-09-2026 11:00,KRDMA,44.54,46.62,44.5,46.5,1672913.0,0.12,1.96,0.31,524.2,1.96,751191.8,122.7,0.06,True,55.54,-0.28,-0.54,0.26,2026-09-17,43.5,6.9,0,,ATH,42.5,False,False
17-09-2026 11:00,AKSGY,9.45,9.63,9.42,9.63,743989.0,0.0,0.18,0.01,2471.43,0.18,466825.4,59.37,0.0,True,48.98,-0.04,-0.04,-0.0,2026-09-17,9.61,0.21,0,,9.7,9.35,False,False
17-09-2026 10:00,ENERY,11.27,12.09,11.05,11.88,27350726.0,0.21,0.61,0.0,15150.0,0.61,13174501.1,107.6,0.34,True,46.18,-0.15,-0.13,-0.02,2026-09-17,11.94,-0.5,0,,13.26,10.89,False,False
17-09-2026 08:00,METEN,16.22,17.8,16.05,17.55,23046648.0,0.25,1.33,0.08,1483.33,1.33,5718930.3,302.99,0.19,True,48.35,-0.21,-0.23,0.02,2026-09-17,17.0,3.24,0,,ATH,15.3,False,False
17-09-2026 07:00,ALARK,104.5,108.3,103.3,108.1,1410200.0,0.2,3.6,0.45,700.0,3.6,506412.7,178.47,0.06,True,53.17,-0.56,-0.66,0.09,2026-09-17,104.6,3.35,0,,ATH,101.5,False,False
17-09-2026 07:00,ANHYT,103.0,109.1,103.0,108.3,279785.0,0.8,5.3,0.82,546.34,5.3,134178.2,108.52,0.15,True,57.07,-0.18,-0.37,0.19,2026-09-17,105.9,2.27,0,,ATH,101.2,False,False
17-09-2026 07:00,ISCTR,12.23,13.04,12.18,12.98,453700955.0,0.06,0.75,0.04,1983.33,0.75,141248809.1,221.21,0.08,True,51.85,-0.14,-0.15,0.01,2026-09-17,12.22,6.22,0,,ATH,12.03,False,False
17-09-2026 07:00,PENGD,8.39,8.69,8.39,8.69,659907.0,0.0,0.3,0.01,2900.0,0.3,300682.3,119.47,0.0,True,45.61,-0.08,-0.06,-0.02,2026-09-17,8.48,2.48,0,,ATH,8.33,False,False
17-09-2026 07:00,ASTOR,242.0,260.0,238.9,257.25,20788309.0,2.75,15.25,1.09,1299.08,15.25,5845923.6,255.6,0.18,True,45.03,-3.67,-3.39,-0.28,2026-09-17,245.5,4.79,2,238.9,ATH,238.9,False,False
17-09-2026 07:00,XBANK,15226.63,16188.81,15136.97,16104.75,917787093.0,84.06,878.12,69.63,1161.12,878.12,281814642.5,225.67,0.1,True,56.58,-117.63,-147.59,29.95,2026-09-17,15149.91,6.3,0,,ATH,14758.24,False,False
17-09-2026 07:00,AGHOL,33.14,34.38,32.92,34.34,1519308.0,0.04,1.2,0.14,782.35,1.2,508571.4,198.74,0.03,True,62.78,-0.04,-0.1,0.07,2026-09-17,33.22,3.37,0,,ATH,32.18,False,False
17-09-2026 07:00,PGSUS,144.5,149.1,144.1,148.5,5032186.0,0.6,4.0,0.4,900.0,4.0,1688930.3,197.95,0.15,True,51.21,-0.74,-0.85,0.11,2026-09-17,145.2,2.27,0,,ATH,140.5,False,False
17-09-2026 07:00,AEFES,18.07,18.92,17.92,18.84,12138559.0,0.08,0.77,0.04,1981.08,0.77,5801538.1,109.23,0.1,True,52.85,-0.12,-0.13,0.01,2026-09-17,18.14,3.86,0,,ATH,17.67,False,False
17-09-2026 07:00,NTGAZ,10.33,10.75,10.31,10.74,870229.0,0.01,0.41,0.01,3316.67,0.41,525339.8,65.65,0.02,True,48.37,-0.09,-0.08,-0.01,2026-09-17,10.4,3.27,0,,ATH,10.23,False,False
17-09-2026 07:00,KCHOL,206.4,216.2,206.0,215.0,16619798.0,1.2,8.6,0.71,1111.27,8.6,4987482.6,233.23,0.14,True,52.87,-1.47,-1.61,0.14,2026-09-17,206.5,4.12,0,,ATH,200.5,False,False
17-09-2026 07:00,SAHOL,85.0,89.05,84.0,88.55,17270801.0,0.5,3.55,0.17,1928.57,3.55,6843482.6,152.37,0.14,True,50.85,-0.77,-0.81,0.04,2026-09-17,84.3,5.04,0,,ATH,82.3,False,False
17-09-2026 07:00,SASA,2.27,2.44,2.27,2.41,3363794177.0,0.03,0.14,0.01,833.33,0.14,697798485.1,382.06,0.21,True,26.51,-0.07,-0.06,-0.01,2026-09-17,2.52,-4.37,2,2.27,ATH,2.27,False,False
17-09-2026 07:00,ORCAY,2.85,3.15,2.85,3.14,286008.0,0.01,0.29,0.01,2536.36,0.29,111550.5,156.39,0.03,True,42.97,-0.05,-0.03,-0.01,2026-09-17,3.13,0.32,0,,ATH,ATL,False,False
17-09-2026 07:00,EKDMR,39.24,39.88,37.98,39.88,1401489.0,0.0,0.64,0.01,7900.0,0.64,626730.5,123.62,0.0,True,34.61,-0.57,-0.5,-0.07,2026-09-17,40.2,-0.8,2,37.98,45.94,37.98,False,False
17-09-2026 07:00,HATEK,11.79,12.11,11.61,12.05,343907.0,0.06,0.26,0.03,766.67,0.26,165232.9,108.13,0.23,True,40.71,-0.12,-0.11,-0.01,2026-09-17,11.83,1.86,0,,ATH,11.41,False,False
17-09-2026 07:00,EREGL,34.7,36.92,34.62,36.58,46396606.0,0.34,1.88,0.04,5122.22,1.88,23051953.9,101.27,0.18,True,47.54,-0.49,-0.45,-0.03,2026-09-17,34.78,5.18,0,,ATH,34.44,False,False
17-09-2026 07:00,BRLSM,15.03,15.7,15.02,15.53,1796229.0,0.17,0.5,0.05,825.93,0.5,769244.2,133.51,0.34,True,35.65,-0.16,-0.12,-0.04,2026-09-17,15.65,-0.77,0,,ATH,ATL,False,False
17-09-2026 07:00,GLRMK,150.0,157.9,149.5,156.8,1953518.0,1.1,6.8,0.46,1378.26,6.8,611523.6,219.45,0.16,True,43.63,-1.82,-1.67,-0.15,2026-09-17,153.0,2.48,0,,ATH,148.6,False,False
17-09-2026 07:00,CCOLA,76.0,78.45,76.0,78.15,1156993.0,0.3,2.15,0.21,948.78,2.15,712964.9,62.28,0.14,True,55.3,-0.17,-0.16,-0.01,2026-09-17,76.5,2.16,0,,ATH,74.6,False,False
17-09-2026 07:00,SNICA,2.89,2.96,2.86,2.95,2960391.0,0.01,0.06,0.01,900.0,0.06,1434681.9,106.34,0.17,True,41.29,-0.02,-0.02,-0.0,2026-09-17,2.91,1.37,0,,ATH,ATL,False,False
17-09-2026 07:00,TSKB,10.44,10.97,10.36,10.86,9633875.0,0.11,0.42,0.01,2900.0,0.42,3420806.3,181.63,0.26,True,50.02,-0.1,-0.1,0.0,2026-09-17,10.45,3.92,0,,ATH,10.18,False,False
17-09-2026 07:00,EKOS,4.0,4.33,4.0,4.25,3343428.0,0.08,0.25,0.02,986.96,0.25,1287717.9,159.64,0.32,True,37.91,-0.06,-0.05,-0.02,2026-09-17,4.33,-1.85,0,,ATH,ATL,False,False
17-09-2026 07:00,GARAN,121.0,129.6,120.9,128.9,28938288.0,0.7,7.9,0.64,1134.37,7.9,7052665.3,310.32,0.09,True,58.74,-0.77,-1.03,0.26,2026-09-17,120.9,6.62,0,,ATH,117.8,False,False
17-09-2026 07:00,TRENJ,99.35,103.6,97.55,103.4,417377.0,0.2,4.05,0.4,925.32,4.05,187449.6,122.66,0.05,True,55.25,-0.52,-0.68,0.16,2026-09-17,99.05,4.39,0,,ATH,96.15,False,False
17-09-2026 07:00,FRMPL,26.5,28.34,26.14,28.3,668005.0,0.04,1.8,0.27,561.76,1.8,285756.0,133.77,0.02,True,45.16,-0.31,-0.24,-0.07,2026-09-17,28.34,-0.14,0,,29.64,26.0,False,False
17-09-2026 07:00,FENER,2.58,2.64,2.55,2.63,39706210.0,0.01,0.05,0.0,1150.0,0.05,14759565.6,169.02,0.2,True,39.44,-0.02,-0.02,-0.0,2026-09-17,2.58,1.94,0,,ATH,2.53,False,False
17-09-2026 07:00,ESCOM,4.64,4.84,4.51,4.79,4824901.0,0.05,0.15,0.01,1400.0,0.15,2116612.8,127.95,0.33,True,44.16,-0.06,-0.04,-0.01,2026-09-17,4.71,1.7,0,,ATH,4.5,False,False
16-09-2026 08:00,INVEO,6.52,6.83,6.42,6.77,2287919.0,0.06,0.25,0.02,941.67,0.25,698816.0,227.4,0.24,True,61.81,0.01,0.01,0.01,2026-09-16,6.63,2.11,1,6.83,6.83,ATL,False,False
16-09-2026 08:00,BOSSA,6.52,6.92,6.48,6.86,2371422.0,0.06,0.34,0.04,709.52,0.34,1342009.0,76.71,0.18,True,76.06,0.04,0.02,0.02,2026-09-16,6.68,2.69,0,,ATH,ATL,False,False
04-09-2026 13:00,ALVES,1.21,1.26,1.2,1.25,13963417.0,0.01,0.04,0.0,900.0,0.04,8567032.4,62.99,0.25,True,56.36,-0.0,-0.0,0.0,2026-09-04,1.23,1.63,1,1.26,1.26,ATL,False,False
